0.0308204,0.0924132,0.153862,0.21507,0.275942,0.336384,0.3963,0.455598,0.514184,0.571967,0.628858,0.684766,0.739605,0.79329,0.845735,0.896861,0.946586,0.994833,1.04153,1.08659,1.12996,1.17157,1.21135,1.24923,1.28517,1.3191,1.35097,1.38073,1.40833,1.43374,1.4569,1.47779,1.49638,1.51263,1.52651,1.53801,1.54712,1.5538,1.55806,1.55989,1.55928,1.55623,1.55076,1.54287,1.53256,1.51987,1.5048,1.48738,1.46763,1.4456,1.42131,1.3948,1.36611,1.33529,1.30239,1.26745,1.23053,1.19169,1.15099,1.1085,1.06427,1.01838,0.970899,0.921903,0.871468,0.819672,0.766597,0.712325,0.65694,0.60053,0.543182,0.484985,0.426032,0.366413,0.306223,0.245554,0.184502,0.123161,0.0616288,0
0.0924132,0.277095,0.461345,0.644874,0.827396,1.00863,1.18828,1.36608,1.54175,1.71501,1.88559,2.05323,2.21766,2.37863,2.53589,2.68918,2.83828,2.98294,3.12295,3.25808,3.38813,3.51288,3.63215,3.74575,3.8535,3.95524,4.05079,4.14003,4.22279,4.29897,4.36843,4.43107,4.4868,4.53552,4.57715,4.61164,4.63893,4.65898,4.67175,4.67722,4.6754,4.66627,4.64986,4.62619,4.59529,4.55722,4.51204,4.45981,4.40061,4.33455,4.26171,4.18223,4.09621,4.0038,3.90513,3.80037,3.68967,3.57322,3.45118,3.32376,3.19114,3.05354,2.91118,2.76427,2.61304,2.45774,2.29859,2.13586,1.96979,1.80065,1.6287,1.4542,1.27743,1.09867,0.91819,0.736278,0.553217,0.369292,0.18479,0
0.153862,0.461345,0.768107,1.07367,1.37756,1.67929,1.97841,2.27443,2.56691,2.85537,3.13938,3.41849,3.69225,3.96026,4.22208,4.4773,4.72554,4.9664,5.1995,5.42449,5.641,5.84871,6.04729,6.23642,6.41582,6.5852,6.74429,6.89286,7.03066,7.15749,7.27314,7.37744,7.47021,7.55132,7.62064,7.67807,7.7235,7.75688,7.77814,7.78726,7.78422,7.76902,7.7417,7.70229,7.65085,7.58746,7.51223,7.42527,7.32672,7.21672,7.09546,6.96312,6.81991,6.66605,6.50178,6.32735,6.14305,5.94916,5.74598,5.53383,5.31303,5.08394,4.84692,4.60232,4.35054,4.09197,3.827,3.55606,3.27957,2.99796,2.71167,2.42114,2.12684,1.82921,1.52872,1.22585,0.921069,0.614846,0.307663,0
0.21507,0.644874,1.07367,1.50079,1.92557,2.34734,2.76544,3.17923,3.58806,3.99128,4.38827,4.7784,5.16108,5.5357,5.90167,6.25844,6.60542,6.9421,7.26793,7.58242,7.88507,8.17541,8.45298,8.71735,8.96812,9.20488,9.42726,9.63493,9.82756,10.0048,10.1665,10.3123,10.442,10.5553,10.6522,10.7325,10.796,10.8427,10.8724,10.8851,10.8809,10.8596,10.8215,10.7664,10.6945,10.6059,10.5007,10.3791,10.2414,10.0876,9.91813,9.73314,9.53296,9.31789,9.08827,8.84446,8.58684,8.31582,8.03181,7.73526,7.42663,7.1064,6.77508,6.43319,6.08124,5.7198,5.34943,4.97071,4.58423,4.19059,3.79041,3.3843,2.97292,2.55689,2.13687,1.71351,1.28748,0.85944,0.430056,0
0.275942,0.827396,1.37756,1.92557,2.47057,3.01172,3.54816,4.07907,4.6036,5.12095,5.6303,6.13086,6.62185,7.1025,7.57206,8.02979,8.47499,8.90696,9.32502,9.72852,10.1168,10.4893,10.8455,11.1847,11.5064,11.8102,12.0955,12.362,12.6091,12.8366,13.044,13.231,13.3974,13.5429,13.6672,13.7702,13.8517,13.9115,13.9497,13.966,13.9606,13.9333,13.8843,13.8136,13.7214,13.6077,13.4728,13.3168,13.1401,12.9428,12.7253,12.488,12.2311,11.9552,11.6606,11.3478,11.0172,10.6695,10.3051,9.92461,9.52863,9.11777,8.69267,8.25401,7.80245,7.33871,6.86352,6.3776,5.88173,5.37668,4.86323,4.34218,3.81436,3.28058,2.74168,2.1985,1.65189,1.10269,0.551777,0
0.336384,1.00863,1.67929,2.34734,3.01172,3.6714,4.32534,4.97254,5.61196,6.24263,6.86355,7.47375,8.07228,8.65821,9.23062,9.78862,10.3313,10.8579,11.3675,11.8594,12.3328,12.7869,13.221,13.6345,14.0267,14.397,14.7449,15.0697,15.371,15.6482,15.9011,16.1291,16.3319,16.5093,16.6608,16.7864,16.8857,16.9587,17.0052,17.0251,17.0184,16.9852,16.9255,16.8393,16.7269,16.5883,16.4238,16.2337,16.0182,15.7777,15.5126,15.2233,14.9102,14.5738,14.2147,13.8333,13.4304,13.0065,12.5623,12.0985,11.6157,11.1149,10.5967,10.0619,9.51147,8.94616,8.36688,7.77453,7.17005,6.55437,5.92845,5.29328,4.64985,3.99915,3.34221,2.68005,2.01371,1.34422,0.672636,0
0.3963,1.18828,1.97841,2.76544,3.54816,4.32534,5.09577,5.85824,6.61156,7.35456,8.08607,8.80497,9.51011,10.2004,10.8748,11.5322,12.1715,12.7919,13.3923,13.9718,14.5295,15.0645,15.5759,16.0631,16.5252,16.9614,17.3712,17.7539,18.1088,18.4355,18.7334,19.002,19.241,19.4499,19.6284,19.7763,19.8934,19.9793,20.0341,20.0576,20.0497,20.0106,19.9402,19.8387,19.7062,19.543,19.3492,19.1252,18.8714,18.5881,18.2757,17.9349,17.566,17.1697,16.7466,16.2973,15.8226,15.3232,14.7999,14.2534,13.6847,13.0947,12.4842,11.8542,11.2056,10.5396,9.85718,9.15932,8.44717,7.72182,6.98442,6.23612,5.47807,4.71148,3.93752,3.15742,2.37239,1.58365,0.792446,0
0.455598,1.36608,2.27443,3.17923,4.07907,4.97254,5.85824,6.73479,7.60083,8.45501,9.29598,10.1224,10.9331,11.7267,12.5019,13.2577,13.9927,14.7059,15.3962,16.0624,16.7035,17.3185,17.9065,18.4666,18.9978,19.4993,19.9704,20.4104,20.8184,21.194,21.5364,21.8452,22.1199,22.3601,22.5654,22.7354,22.87,22.9688,23.0318,23.0588,23.0498,23.0048,22.9238,22.8071,22.6548,22.4671,22.2444,21.9869,21.6951,21.3693,21.0103,20.6184,20.1943,19.7387,19.2523,18.7358,18.1901,17.616,17.0143,16.3861,15.7324,15.054,14.3521,13.6279,12.8823,12.1167,11.3321,10.5298,9.7111,8.87722,8.02949,7.16921,6.29774,5.41644,4.52669,3.62986,2.72736,1.82061,0.911017,0
0.514184,1.54175,2.56691,3.58806,4.6036,5.61196,6.61156,7.60083,8.57824,9.54225,10.4914,11.4241,12.339,13.2346,14.1096,14.9625,15.7921,16.597,17.376,18.1279,18.8514,19.5456,20.2092,20.8412,21.4408,22.0068,22.5385,23.035,23.4955,23.9193,24.3058,24.6544,24.9644,25.2355,25.4671,25.659,25.8109,25.9224,25.9934,26.0239,26.0138,25.963,25.8717,25.74,25.5681,25.3562,25.1048,24.8142,24.4849,24.1173,23.712,23.2698,22.7912,22.277,21.728,21.1451,20.5292,19.8813,19.2023,18.4933,17.7554,16.9898,16.1977,15.3803,14.5389,13.6748,12.7893,11.8839,10.9599,10.0188,9.06201,8.09112,7.10758,6.11295,5.10878,4.09663,3.07808,2.05473,1.02817,0
0.571967,1.71501,2.85537,3.99128,5.12095,6.24263,7.35456,8.45501,9.54225,10.6146,11.6704,12.7079,13.7256,14.7219,15.6952,16.644,17.5668,18.4622,19.3287,20.1651,20.9699,21.7421,22.4803,23.1834,23.8502,24.4799,25.0713,25.6236,26.1359,26.6073,27.0373,27.425,27.7699,28.0714,28.3291,28.5425,28.7114,28.8355,28.9146,28.9485,28.9372,28.8807,28.7791,28.6326,28.4414,28.2057,27.9261,27.6028,27.2364,26.8275,26.3768,25.8848,25.3524,24.7804,24.1698,23.5214,22.8363,22.1155,21.3602,20.5715,19.7507,18.8991,18.018,17.1087,16.1728,15.2115,14.2265,13.2194,12.1915,11.1447,10.0804,9.00039,7.90633,6.79992,5.6829,4.557,3.42399,2.28564,1.14371,0
0.628858,1.88559,3.13938,4.38827,5.6303,6.86355,8.08607,9.29598,10.4914,11.6704,12.8312,13.9719,15.0908,16.1862,17.2563,18.2995,19.3141,20.2985,21.2512,22.1708,23.0557,23.9046,24.7162,25.4893,26.2225,26.9148,27.565,28.1722,28.7355,29.2538,29.7265,30.1528,30.532,30.8635,31.1468,31.3815,31.5672,31.7036,31.7905,31.8278,31.8154,31.7533,31.6416,31.4805,31.2703,31.0112,30.7037,30.3483,29.9455,29.4959,29.0003,28.4594,27.8741,27.2452,26.5738,25.8609,25.1077,24.3152,23.4848,22.6176,21.7152,20.7789,19.8101,18.8104,17.7814,16.7245,15.6416,14.5342,13.4041,12.2532,11.083,9.8956,8.69272,7.47627,6.24814,5.01026,3.76456,2.51298,1.25747,0
0.684766,2.05323,3.41849,4.7784,6.13086,7.47375,8.80497,10.1224,11.4241,12.7079,13.9719,15.2141,16.4325,17.6252,18.7905,19.9264,21.0312,22.1031,23.1405,24.1419,25.1055,26.0299,26.9136,27.7554,28.5538,29.3076,30.0157,30.6769,31.2902,31.8546,32.3693,32.8335,33.2464,33.6074,33.9159,34.1715,34.3737,34.5222,34.6169,34.6574,34.6439,34.5763,34.4547,34.2793,34.0503,33.7682,33.4334,33.0464,32.6078,32.1183,31.5786,30.9896,30.3522,29.6674,28.9364,28.1601,27.3399,26.4769,25.5727,24.6285,23.6458,22.6262,21.5713,20.4828,19.3622,18.2114,17.0322,15.8264,14.5958,13.3425,12.0684,10.7754,9.46555,8.14095,6.80363,5.4557,4.09925,2.73639,1.36926,0
0.739605,2.21766,3.69225,5.16108,6.62185,8.07228,9.51011,10.9331,12.339,13.7256,15.0908,16.4325,17.7485,19.0368,20.2953,21.5222,22.7154,23.8732,24.9938,26.0752,27.116,28.1145,29.069,29.9782,30.8405,31.6547,32.4195,33.1336,33.7961,34.4057,34.9616,35.463,35.9089,36.2988,36.6321,36.9081,37.1265,37.2869,37.3891,37.433,37.4184,37.3453,37.214,37.0245,36.7773,36.4726,36.1109,35.6929,35.2192,34.6904,34.1075,33.4714,32.783,32.0434,31.2537,30.4153,29.5294,28.5973,27.6206,26.6008,25.5395,24.4383,23.2989,22.1231,20.9128,19.6699,18.3962,17.0938,15.7647,14.4111,13.0349,11.6383,10.2236,8.79291,7.3485,5.89262,4.42753,2.95553,1.47892,0
0.79329,2.37863,3.96026,5.5357,7.1025,8.65821,10.2004,11.7267,13.2346,14.7219,16.1862,17.6252,19.0368,20.4185,21.7685,23.0844,24.3642,25.6061,26.8079,27.9679,29.0842,30.1552,31.179,32.1541,33.0791,33.9524,34.7727,35.5386,36.2491,36.903,37.4993,38.0371,38.5154,38.9336,39.291,39.5871,39.8213,39.9934,40.103,40.15,40.1344,40.056,39.9152,39.7119,39.4467,39.1199,38.7321,38.2837,37.7756,37.2084,36.5832,35.9009,35.1625,34.3692,33.5223,32.623,31.6727,30.6731,29.6255,28.5317,27.3933,26.2121,24.99,23.7289,22.4308,21.0976,19.7315,18.3346,16.909,15.4571,13.981,12.4831,10.9657,9.43115,7.88189,6.32033,4.74891,3.17006,1.58627,0
0.845735,2.53589,4.22208,5.90167,7.57206,9.23062,10.8748,12.5019,14.1096,15.6952,17.2563,18.7905,20.2953,21.7685,23.2076,24.6105,25.975,27.2989,28.5802,29.8169,31.0071,32.1488,33.2403,34.2799,35.266,36.197,37.0715,37.8882,38.6456,39.3428,39.9785,40.5518,41.0617,41.5076,41.8886,42.2042,42.454,42.6374,42.7543,42.8044,42.7877,42.7042,42.554,42.3374,42.0546,41.7062,41.2927,40.8147,40.273,39.6684,39.0018,38.2744,37.4872,36.6414,35.7385,34.7797,33.7667,32.7009,31.5841,30.4179,29.2043,27.945,26.6422,25.2977,23.9137,22.4924,21.036,19.5467,18.0269,16.479,14.9053,13.3084,11.6906,10.0547,8.40298,6.73818,5.06286,3.37964,1.69114,0
0.896861,2.68918,4.4773,6.25844,8.02979,9.78862,11.5322,13.2577,14.9625,16.644,18.2995,19.9264,21.5222,23.0844,24.6105,26.0982,27.5452,28.9492,30.3079,31.6194,32.8815,34.0922,35.2497,36.3522,37.3979,38.3852,39.3125,40.1785,40.9818,41.7211,42.3952,43.0031,43.5439,44.0167,44.4208,44.7555,45.0204,45.2149,45.3388,45.392,45.3743,45.2857,45.1264,44.8967,44.5969,44.2274,43.7889,43.282,42.7075,42.0663,41.3595,40.5881,39.7533,38.8564,37.8989,36.8822,35.8079,34.6777,33.4934,32.2567,30.9697,29.6343,28.2527,26.827,25.3593,23.8521,22.3076,20.7283,19.1167,17.4751,15.8063,14.1129,12.3973,10.6625,8.91095,7.14551,5.36892,3.58394,1.79337,0
0.946586,2.83828,4.72554,6.60542,8.47499,10.3313,12.1715,13.9927,15.7921,17.5668,19.3141,21.0312,22.7154,24.3642,25.975,27.5452,29.0724,30.5542,31.9883,33.3725,34.7045,35.9824,37.204,38.3676,39.4713,40.5134,41.4922,42.4062,43.254,44.0342,44.7457,45.3874,45.9581,46.4572,46.8836,47.2369,47.5164,47.7218,47.8526,47.9087,47.89,47.7965,47.6284,47.3859,47.0695,46.6795,46.2167,45.6817,45.0753,44.3986,43.6526,42.8384,41.9574,41.0108,40.0001,38.9271,37.7932,36.6004,35.3503,34.0451,32.6868,31.2774,29.8191,28.3143,26.7653,25.1745,23.5444,21.8776,20.1765,18.444,16.6827,14.8953,13.0847,11.2536,9.405,7.54168,5.66659,3.78265,1.8928,0
0.994833,2.98294,4.9664,6.9421,8.90696,10.8579,12.7919,14.7059,16.597,18.4622,20.2985,22.1031,23.8732,25.6061,27.2989,28.9492,30.5542,32.1116,33.6187,35.0734,36.4734,37.8164,39.1003,40.3232,41.4831,42.5783,43.607,44.5676,45.4586,46.2786,47.0264,47.7007,48.3006,48.8251,49.2733,49.6446,49.9383,50.1541,50.2916,50.3506,50.3309,50.2327,50.056,49.8012,49.4686,49.0587,48.5723,48.01,47.3728,46.6616,45.8776,45.0219,44.0959,43.1011,42.0389,40.9112,39.7195,38.4659,37.1521,35.7804,34.3528,32.8716,31.339,29.7575,28.1296,26.4577,24.7445,22.9927,21.2049,19.3841,17.533,15.6545,13.7516,11.8272,9.88437,7.92608,5.95541,3.97545,1.98928,0
1.04153,3.12295,5.1995,7.26793,9.32502,11.3675,13.3923,15.3962,17.376,19.3287,21.2512,23.1405,24.9938,26.8079,28.5802,30.3079,31.9883,33.6187,35.1967,36.7197,38.1853,39.5913,40.9355,42.2158,43.4302,44.5768,45.6537,46.6594,47.5922,48.4508,49.2336,49.9396,50.5677,51.1167,51.586,51.9747,52.2822,52.5082,52.6521,52.7138,52.6932,52.5904,52.4054,52.1386,51.7904,51.3614,50.8521,50.2635,49.5963,48.8517,48.0309,47.135,46.1656,45.1241,44.0121,42.8314,41.5838,40.2713,38.8959,37.4598,35.9652,34.4144,32.8099,31.1542,29.4498,27.6995,25.9059,24.0718,22.2002,20.2939,18.3559,16.3893,14.3971,12.3823,10.3483,8.2981,6.23494,4.16204,2.08265,0
1.08659,3.25808,5.42449,7.58242,9.72852,11.8594,13.9718,16.0624,18.1279,20.1651,22.1708,24.1419,26.0752,27.9679,29.8169,31.6194,33.3725,35.0734,36.7197,38.3085,39.8376,41.3045,42.7068,44.0425,45.3095,46.5056,47.6292,48.6784,49.6516,50.5473,51.364,52.1005,52.7557,53.3286,53.8181,54.2237,54.5445,54.7802,54.9304,54.9948,54.9733,54.866,54.673,54.3947,54.0314,53.5838,53.0525,52.4384,51.7424,50.9656,50.1092,49.1746,48.1632,47.0766,45.9165,44.6847,43.3832,42.0139,40.579,39.0807,37.5214,35.9036,34.2296,32.5023,30.7242,28.8981,27.0269,25.1135,23.1608,21.172,19.1502,17.0985,15.02,12.9181,10.7961,8.65716,6.50472,4.34213,2.17276,0
1.12996,3.38813,5.641,7.88507,10.1168,12.3328,14.5295,16.7035,18.8514,20.9699,23.0557,25.1055,27.116,29.0842,31.0071,32.8815,34.7045,36.4734,38.1853,39.8376,41.4277,42.9531,44.4115,45.8005,47.118,48.3619,49.5303,50.6214,51.6334,52.5648,53.4142,54.1801,54.8615,55.4572,55.9662,56.388,56.7216,56.9667,57.1229,57.1899,57.1675,57.056,56.8553,56.5658,56.1881,55.7226,55.1701,54.5314,53.8076,52.9998,52.1093,51.1374,50.0856,48.9556,47.7492,46.4683,45.1148,43.6908,42.1986,40.6406,39.0191,37.3366,35.5959,33.7996,31.9505,30.0515,28.1056,26.1158,24.0853,22.0171,19.9146,17.7809,15.6195,13.4338,11.227,9.00271,6.76436,4.51545,2.25949,0
1.17157,3.51288,5.84871,8.17541,10.4893,12.7869,15.0645,17.3185,19.5456,21.7421,23.9046,26.0299,28.1145,30.1552,32.1488,34.0922,35.9824,37.8164,39.5913,41.3045,42.9531,44.5347,46.0467,47.4869,48.8529,50.1426,51.3541,52.4853,53.5346,54.5003,55.3809,56.1751,56.8815,57.4991,58.027,58.4642,58.8102,59.0643,59.2262,59.2957,59.2725,59.1568,58.9488,58.6487,58.257,57.7743,57.2015,56.5393,55.7889,54.9514,54.028,53.0203,51.9298,50.7582,49.5074,48.1793,46.7759,45.2996,43.7524,42.137,40.4558,38.7114,36.9066,35.0441,33.1269,31.158,29.1405,27.0775,24.9721,22.8278,20.6479,18.4357,16.1947,13.9284,11.6404,9.33419,7.01343,4.68171,2.34268,0
1.21135,3.63215,6.04729,8.45298,10.8455,13.221,15.5759,17.9065,20.2092,22.4803,24.7162,26.9136,29.069,31.179,33.2403,35.2497,37.204,39.1003,40.9355,42.7068,44.4115,46.0467,47.6101,49.0992,50.5116,51.8451,53.0976,54.2673,55.3522,56.3507,57.2612,58.0823,58.8128,59.4514,59.9971,60.4492,60.8069,61.0697,61.2371,61.3089,61.2849,61.1653,60.9502,60.6399,60.2349,59.7359,59.1436,58.459,57.6831,56.8171,55.8624,54.8205,53.6929,52.4816,51.1883,49.8151,48.3641,46.8376,45.2379,43.5677,41.8294,40.0257,38.1596,36.2339,34.2517,32.2159,30.1299,27.9968,25.82,23.6029,21.3489,19.0616,16.7445,14.4013,12.0356,9.65111,7.25155,4.84067,2.42222,0
1.24923,3.74575,6.23642,8.71735,11.1847,13.6345,16.0631,18.4666,20.8412,23.1834,25.4893,27.7554,29.9782,32.1541,34.2799,36.3522,38.3676,40.3232,42.2158,44.0425,45.8005,47.4869,49.0992,50.6348,52.0913,53.4666,54.7583,55.9645,57.0834,58.1131,59.0521,59.8989,60.6522,61.3107,61.8736,62.3398,62.7087,62.9797,63.1523,63.2264,63.2017,63.0783,62.8565,62.5365,62.1188,61.6042,60.9934,60.2873,59.4871,58.5941,57.6095,56.535,55.3722,54.123,52.7893,51.3731,49.8767,48.3025,46.6528,44.9303,43.1376,41.2776,39.3531,37.3672,35.3229,33.2235,31.0722,28.8724,26.6275,24.3411,22.0166,19.6578,17.2682,14.8517,12.412,9.95296,7.47835,4.99206,2.49798,0
1.28517,3.8535,6.41582,8.96812,11.5064,14.0267,16.5252,18.9978,21.4408,23.8502,26.2225,28.5538,30.8405,33.0791,35.266,37.3979,39.4713,41.4831,43.4302,45.3095,47.118,48.8529,50.5116,52.0913,53.5898,55.0046,56.3335,57.5744,58.7255,59.7848,60.7508,61.622,62.3969,63.0744,63.6534,64.1331,64.5126,64.7913,64.969,65.0451,65.0197,64.8928,64.6646,64.3354,63.9057,63.3763,62.7479,62.0215,61.1983,60.2796,59.2667,58.1613,56.9651,55.6799,54.3078,52.8509,51.3115,49.6919,47.9948,46.2227,44.3785,42.465,40.4851,38.4421,36.339,34.1792,31.966,29.703,27.3935,25.0413,22.6499,20.2232,17.7649,15.2789,12.7691,10.2393,7.69347,5.13566,2.56984,0
1.3191,3.95524,6.5852,9.20488,11.8102,14.397,16.9614,19.4993,22.0068,24.4799,26.9148,29.3076,31.6547,33.9524,36.197,38.3852,40.5134,42.5783,44.5768,46.5056,48.3619,50.1426,51.8451,53.4666,55.0046,56.4567,57.8207,59.0944,60.2758,61.3631,62.3546,63.2488,64.0442,64.7396,65.3339,65.8262,66.2157,66.5018,66.6841,66.7623,66.7363,66.606,66.3717,66.0338,65.5928,65.0494,64.4045,63.6589,62.814,61.871,60.8314,59.6968,58.469,57.1499,55.7415,54.2462,52.6661,51.0038,49.2619,47.443,45.5501,43.5861,41.5539,39.457,37.2984,35.0816,32.8099,30.4871,28.1167,25.7024,23.2479,20.7571,18.2339,15.6823,13.1062,10.5096,7.89658,5.27124,2.63768,0
1.35097,4.05079,6.74429,9.42726,12.0955,14.7449,17.3712,19.9704,22.5385,25.0713,27.565,30.0157,32.4195,34.7727,37.0715,39.3125,41.4922,43.607,45.6537,47.6292,49.5303,51.3541,53.0976,54.7583,56.3335,57.8207,59.2176,60.5221,61.7321,62.8457,63.8611,64.7769,65.5915,66.3037,66.9123,67.4165,67.8155,68.1085,68.2952,68.3753,68.3486,68.2152,67.9753,67.6292,67.1776,66.621,65.9605,65.1969,64.3316,63.3658,62.301,61.139,59.8816,58.5306,57.0882,55.5567,53.9385,52.236,50.452,48.5892,46.6506,44.6391,42.5579,40.4102,38.1995,35.9291,33.6026,31.2237,28.796,26.3233,23.8095,21.2586,18.6745,16.0612,13.4228,10.7635,8.08736,5.3986,2.70141,0
1.38073,4.14003,6.89286,9.63493,12.362,15.0697,17.7539,20.4104,23.035,25.6236,28.1722,30.6769,33.1336,35.5386,37.8882,40.1785,42.4062,44.5676,46.6594,48.6784,50.6214,52.4853,54.2673,55.9645,57.5744,59.0944,60.5221,61.8553,63.0919,64.2301,65.2679,66.2038,67.0364,67.7642,68.3863,68.9016,69.3093,69.6088,69.7997,69.8815,69.8542,69.7179,69.4727,69.119,68.6574,68.0886,67.4135,66.6331,65.7487,64.7616,63.6734,62.4858,61.2006,59.8199,58.3458,56.7806,55.1267,53.3867,51.5634,49.6596,47.6782,45.6224,43.4954,41.3004,39.041,36.7206,34.3428,31.9115,29.4303,26.9032,24.334,21.7269,19.0858,16.415,13.7185,11.0006,8.26551,5.51752,2.76092,0
1.40833,4.22279,7.03066,9.82756,12.6091,15.371,18.1088,20.8184,23.4955,26.1359,28.7355,31.2902,33.7961,36.2491,38.6456,40.9818,43.254,45.4586,47.5922,49.6516,51.6334,53.5346,55.3522,57.0834,58.7255,60.2758,61.7321,63.0919,64.3533,65.5142,66.5727,67.5274,68.3766,69.119,69.7535,70.2791,70.695,71.0005,71.1951,71.2786,71.2508,71.1117,70.8616,70.5008,70.03,69.4498,68.7612,67.9652,67.0631,66.0563,64.9464,63.7351,62.4242,61.0159,59.5123,57.9157,56.2288,54.454,52.5943,50.6524,48.6314,46.5345,44.3649,42.1261,39.8215,37.4547,35.0294,32.5495,30.0187,27.441,24.8205,22.1613,19.4674,16.7432,13.9928,11.2205,8.43076,5.62783,2.81611,0
1.43374,4.29897,7.15749,10.0048,12.8366,15.6482,18.4355,21.194,23.9193,26.6073,29.2538,31.8546,34.4057,36.903,39.3428,41.7211,44.0342,46.2786,48.4508,50.5473,52.5648,54.5003,56.3507,58.1131,59.7848,61.3631,62.8457,64.2301,65.5142,66.696,67.7736,68.7455,69.61,70.3658,71.0118,71.5469,71.9703,72.2813,72.4794,72.5644,72.5361,72.3945,72.1398,71.7726,71.2933,70.7026,70.0016,69.1913,68.2729,67.2479,66.118,64.8848,63.5503,62.1165,60.5858,58.9605,57.2431,55.4363,53.543,51.5661,49.5087,47.3739,45.1652,42.886,40.5398,38.1304,35.6613,33.1366,30.5602,27.936,25.2683,22.561,19.8186,17.0452,14.2452,11.4229,8.58284,5.72935,2.86691,0
1.4569,4.36843,7.27314,10.1665,13.044,15.9011,18.7334,21.5364,24.3058,27.0373,29.7265,32.3693,34.9616,37.4993,39.9785,42.3952,44.7457,47.0264,49.2336,51.364,53.4142,55.3809,57.2612,59.0521,60.7508,62.3546,63.8611,65.2679,66.5727,67.7736,68.8687,69.8563,70.7348,71.5028,72.1592,72.7029,73.1332,73.4492,73.6505,73.7369,73.7081,73.5642,73.3055,72.9323,72.4452,71.845,71.1327,70.3093,69.3761,68.3345,67.1863,65.9332,64.5771,63.1202,61.5648,59.9132,58.168,56.3321,54.4082,52.3993,50.3086,48.1394,45.895,43.579,41.1949,38.7465,36.2375,33.6721,31.054,28.3874,25.6766,22.9256,20.1388,17.3206,14.4754,11.6075,8.72152,5.82192,2.91324,0
1.47779,4.43107,7.37744,10.3123,13.231,16.1291,19.002,21.8452,24.6544,27.425,30.1528,32.8335,35.463,38.0371,40.5518,43.0031,45.3874,47.7007,49.9396,52.1005,54.1801,56.1751,58.0823,59.8989,61.622,63.2488,64.7769,66.2038,67.5274,68.7455,69.8563,70.858,71.7491,72.5282,73.194,73.7455,74.1819,74.5024,74.7067,74.7942,74.765,74.6191,74.3567,73.9781,73.4841,72.8753,72.1527,71.3175,70.3709,69.3144,68.1497,66.8786,65.5031,64.0253,62.4476,60.7723,59.0021,57.1399,55.1884,53.1507,51.0301,48.8297,46.5531,44.2039,41.7856,39.3021,36.7572,34.1549,31.4993,28.7945,26.0447,23.2543,20.4276,17.569,14.6829,11.7739,8.84658,5.90541,2.95501,0
1.49638,4.4868,7.47021,10.442,13.3974,16.3319,19.241,22.1199,24.9644,27.7699,30.532,33.2464,35.9089,38.5154,41.0617,43.5439,45.9581,48.3006,50.5677,52.7557,54.8615,56.8815,58.8128,60.6522,62.3969,64.0442,65.5915,67.0364,68.3766,69.61,70.7348,71.7491,72.6514,73.4402,74.1144,74.6729,75.1148,75.4393,75.6461,75.7348,75.7053,75.5575,75.2917,74.9084,74.4082,73.7917,73.0601,72.2143,71.2558,70.1861,69.0068,67.7197,66.3269,64.8305,63.2329,61.5366,59.7441,57.8584,55.8824,53.8191,51.6718,49.4438,47.1386,44.7598,42.3111,39.7963,37.2194,34.5844,31.8954,29.1566,26.3723,23.5468,20.6845,17.7899,14.8676,11.922,8.95783,5.97967,2.99217,0
1.51263,4.53552,7.55132,10.5553,13.5429,16.5093,19.4499,22.3601,25.2355,28.0714,30.8635,33.6074,36.2988,38.9336,41.5076,44.0167,46.4572,48.8251,51.1167,53.3286,55.4572,57.4991,59.4514,61.3107,63.0744,64.7396,66.3037,67.7642,69.119,70.3658,71.5028,72.5282,73.4402,74.2377,74.9192,75.4837,75.9304,76.2585,76.4675,76.5572,76.5273,76.3779,76.1093,75.7218,75.2161,74.593,73.8534,72.9984,72.0295,70.9482,69.756,68.455,67.047,65.5344,63.9195,62.2047,60.3928,58.4867,56.4892,54.4035,52.2328,49.9806,47.6504,45.2458,42.7705,40.2284,37.6236,34.9599,32.2417,29.4732,26.6586,23.8024,20.9091,17.9831,15.029,12.0515,9.0551,6.0446,3.02466,0
1.52651,4.57715,7.62064,10.6522,13.6672,16.6608,19.6284,22.5654,25.4671,28.3291,31.1468,33.9159,36.6321,39.291,41.8886,44.4208,46.8836,49.2733,51.586,53.8181,55.9662,58.027,59.9971,61.8736,63.6534,65.3339,66.9123,68.3863,69.7535,71.0118,72.1592,73.194,74.1144,74.9192,75.6069,76.1766,76.6274,76.9585,77.1695,77.26,77.2298,77.079,76.808,76.4169,75.9066,75.2777,74.5313,73.6686,72.6908,71.5995,70.3964,69.0834,67.6625,66.136,64.5063,62.7758,60.9473,59.0236,57.0077,54.9029,52.7123,50.4395,48.0878,45.6611,43.1631,40.5977,37.9689,35.2809,32.5377,29.7438,26.9034,24.0209,21.101,18.1482,15.167,12.1621,9.13823,6.10009,3.05243,0
1.53801,4.61164,7.67807,10.7325,13.7702,16.7864,19.7763,22.7354,25.659,28.5425,31.3815,34.1715,36.9081,39.5871,42.2042,44.7555,47.2369,49.6446,51.9747,54.2237,56.388,58.4642,60.4492,62.3398,64.1331,65.8262,67.4165,68.9016,70.2791,71.5469,72.7029,73.7455,74.6729,75.4837,76.1766,76.7506,77.2048,77.5384,77.751,77.8421,77.8117,77.6598,77.3867,76.9927,76.4786,75.845,75.0929,74.2237,73.2385,72.139,70.9269,69.604,68.1724,66.6344,64.9923,63.2488,61.4065,59.4683,57.4373,55.3166,53.1095,50.8195,48.4502,46.0052,43.4884,40.9036,38.255,35.5467,32.7829,29.9679,27.1061,24.2019,21.26,18.2849,15.2813,12.2537,9.20708,6.14605,3.07543,0
1.54712,4.63893,7.7235,10.796,13.8517,16.8857,19.8934,22.87,25.8109,28.7114,31.5672,34.3737,37.1265,39.8213,42.454,45.0204,47.5164,49.9383,52.2822,54.5445,56.7216,58.8102,60.8069,62.7087,64.5126,66.2157,67.8155,69.3093,70.695,71.9703,73.1332,74.1819,75.1148,75.9304,76.6274,77.2048,77.6616,77.9972,78.211,78.3027,78.2722,78.1194,77.8446,77.4483,76.9311,76.2938,75.5373,74.6629,73.6719,72.5659,71.3466,70.0158,68.5758,67.0287,65.3769,63.6231,61.7699,59.8202,57.7772,55.6439,53.4238,51.1203,48.7369,46.2774,43.7457,41.1457,38.4814,35.7571,32.9769,30.1452,27.2665,24.3452,21.3858,18.3931,15.3717,12.3262,9.26157,6.18242,3.09363,0
1.5538,4.65898,7.75688,10.8427,13.9115,16.9587,19.9793,22.9688,25.9224,28.8355,31.7036,34.5222,37.2869,39.9934,42.6374,45.2149,47.7218,50.1541,52.5082,54.7802,56.9667,59.0643,61.0697,62.9797,64.7913,66.5018,68.1085,69.6088,71.0005,72.2813,73.4492,74.5024,75.4393,76.2585,76.9585,77.5384,77.9972,78.3343,78.549,78.6411,78.6104,78.457,78.181,77.783,77.2635,76.6234,75.8637,74.9855,73.9902,72.8795,71.6549,70.3184,68.8721,67.3183,65.6594,63.898,62.0368,60.0787,58.0269,55.8844,53.6547,51.3412,48.9475,46.4774,43.9347,41.3235,38.6477,35.9116,33.1194,30.2755,27.3843,24.4504,21.4782,18.4726,15.4381,12.3795,9.30159,6.20914,3.10699,0
1.55806,4.67175,7.77814,10.8724,13.9497,17.0052,20.0341,23.0318,25.9934,28.9146,31.7905,34.6169,37.3891,40.103,42.7543,45.3388,47.8526,50.2916,52.6521,54.9304,57.1229,59.2262,61.2371,63.1523,64.969,66.6841,68.2952,69.7997,71.1951,72.4794,73.6505,74.7067,75.6461,76.4675,77.1695,77.751,78.211,78.549,78.7643,78.8567,78.8259,78.672,78.3953,77.9962,77.4753,76.8335,76.0717,75.1911,74.1931,73.0792,71.8513,70.5111,69.0609,67.5029,65.8394,64.0731,62.2068,60.2434,58.1859,56.0376,53.8017,51.4819,49.0817,46.6048,44.0552,41.4368,38.7536,36.01,33.2102,30.3585,27.4594,24.5174,21.5371,18.5232,15.4804,12.4134,9.32708,6.22616,3.11551,0
1.55989,4.67722,7.78726,10.8851,13.966,17.0251,20.0576,23.0588,26.0239,28.9485,31.8278,34.6574,37.433,40.15,42.8044,45.392,47.9087,50.3506,52.7138,54.9948,57.1899,59.2957,61.3089,63.2264,65.0451,66.7623,68.3753,69.8815,71.2786,72.5644,73.7369,74.7942,75.7348,76.5572,77.26,77.8421,78.3027,78.6411,78.8567,78.9491,78.9183,78.7643,78.4872,78.0877,77.5662,76.9236,76.1609,75.2792,74.2801,73.1649,71.9355,70.5938,69.1419,67.582,65.9166,64.1483,62.2798,60.314,58.2541,56.1033,53.8648,51.5423,49.1392,46.6594,44.1068,41.4853,38.7991,36.0522,33.2491,30.3941,27.4916,24.5461,21.5624,18.545,15.4986,12.428,9.33802,6.23346,3.11916,0
1.55928,4.6754,7.78422,10.8809,13.9606,17.0184,20.0497,23.0498,26.0138,28.9372,31.8154,34.6439,37.4184,40.1344,42.7877,45.3743,47.89,50.3309,52.6932,54.9733,57.1675,59.2725,61.2849,63.2017,65.0197,66.7363,68.3486,69.8542,71.2508,72.5361,73.7081,74.765,75.7053,76.5273,77.2298,77.8117,78.2722,78.6104,78.8259,78.9183,78.8875,78.7335,78.4566,78.0572,77.5359,76.8935,76.1311,75.2498,74.2511,73.1363,71.9074,70.5663,69.1149,67.5556,65.8909,64.1232,62.2555,60.2905,58.2314,56.0814,53.8438,51.5221,49.12,46.6412,44.0896,41.4691,38.7839,36.0382,33.2361,30.3822,27.4808,24.5365,21.554,18.5377,15.4925,12.4231,9.33437,6.23102,3.11795,0
1.55623,4.66627,7.76902,10.8596,13.9333,16.9852,20.0106,23.0048,25.963,28.8807,31.7533,34.5763,37.3453,40.056,42.7042,45.2857,47.7965,50.2327,52.5904,54.866,57.056,59.1568,61.1653,63.0783,64.8928,66.606,68.2152,69.7179,71.1117,72.3945,73.5642,74.6191,75.5575,76.3779,77.079,77.6598,78.1194,78.457,78.672,78.7643,78.7335,78.5798,78.3035,77.9048,77.3846,76.7435,75.9825,75.103,74.1061,72.9936,71.7671,70.4285,68.98,67.4238,65.7622,63.9981,62.1339,60.1728,58.1177,55.9719,53.7387,51.4216,49.0242,46.5502,44.0036,41.3882,38.7082,35.9678,33.1713,30.3229,27.4272,24.4887,21.5119,18.5015,15.4623,12.3989,9.31615,6.21886,3.11186,0
1.55076,4.64986,7.7417,10.8215,13.8843,16.9255,19.9402,22.9238,25.8717,28.7791,31.6416,34.4547,37.214,39.9152,42.554,45.1264,47.6284,50.056,52.4054,54.673,56.8553,58.9488,60.9502,62.8565,64.6646,66.3717,67.9753,69.4727,70.8616,72.1398,73.3055,74.3567,75.2917,76.1093,76.808,77.3867,77.8446,78.181,78.3953,78.4872,78.4566,78.3035,78.0281,77.6308,77.1124,76.4735,75.7153,74.8388,73.8455,72.7369,71.5147,70.1808,68.7374,67.1866,65.531,63.773,61.9154,59.9612,57.9133,55.775,53.5497,51.2407,48.8517,46.3865,43.8488,41.2426,38.5721,35.8413,33.0546,30.2162,27.3307,24.4025,21.4362,18.4365,15.4079,12.3553,9.28339,6.19699,3.10092,0
1.54287,4.62619,7.70229,10.7664,13.8136,16.8393,19.8387,22.8071,25.74,28.6326,31.4805,34.2793,37.0245,39.7119,42.3374,44.8967,47.3859,49.8012,52.1386,54.3947,56.5658,58.6487,60.6399,62.5365,64.3354,66.0338,67.6292,69.119,70.5008,71.7726,72.9323,73.9781,74.9084,75.7218,76.4169,76.9927,77.4483,77.783,77.9962,78.0877,78.0572,77.9048,77.6308,77.2356,76.7198,76.0842,75.3298,74.4578,73.4695,72.3666,71.1506,69.8235,68.3874,66.8446,65.1973,63.4483,61.6002,59.6559,57.6185,55.4911,53.2771,50.9798,48.603,46.1503,43.6256,41.0327,38.3757,35.6589,32.8863,30.0624,27.1916,24.2783,21.3271,18.3426,15.3295,12.2924,9.23613,6.16544,3.08513,0
1.53256,4.59529,7.65085,10.6945,13.7214,16.7269,19.7062,22.6548,25.5681,28.4414,31.2703,34.0503,36.7773,39.4467,42.0546,44.5969,47.0695,49.4686,51.7904,54.0314,56.1881,58.257,60.2349,62.1188,63.9057,65.5928,67.1776,68.6574,70.03,71.2933,72.4452,73.4841,74.4082,75.2161,75.9066,76.4786,76.9311,77.2635,77.4753,77.5662,77.5359,77.3846,77.1124,76.7198,76.2074,75.5761,74.8267,73.9606,72.9789,71.8833,70.6754,69.3572,67.9307,66.3982,64.7619,63.0246,61.1888,59.2575,57.2337,55.1205,52.9213,50.6394,48.2784,45.8421,43.3342,40.7586,38.1194,35.4207,32.6667,29.8616,27.01,24.1162,21.1847,18.2201,15.2271,12.2103,9.17445,6.12427,3.06453,0
1.51987,4.55722,7.58746,10.6059,13.6077,16.5883,19.543,22.4671,25.3562,28.2057,31.0112,33.7682,36.4726,39.1199,41.7062,44.2274,46.6795,49.0587,51.3614,53.5838,55.7226,57.7743,59.7359,61.6042,63.3763,65.0494,66.621,68.0886,69.4498,70.7026,71.845,72.8753,73.7917,74.593,75.2777,75.845,76.2938,76.6234,76.8335,76.9236,76.8935,76.7435,76.4735,76.0842,75.5761,74.95,74.2068,73.3478,72.3743,71.2878,70.0899,68.7826,67.3679,65.8481,64.2254,62.5024,60.6819,58.7666,56.7595,54.6639,52.4828,50.2199,47.8785,45.4623,42.9752,40.421,37.8036,35.1273,32.3961,29.6143,26.7862,23.9164,21.0092,18.0692,15.1009,12.1091,9.09844,6.07353,3.03914,0
1.5048,4.51204,7.51223,10.5007,13.4728,16.4238,19.3492,22.2444,25.1048,27.9261,30.7037,33.4334,36.1109,38.7321,41.2927,43.7889,46.2167,48.5723,50.8521,53.0525,55.1701,57.2015,59.1436,60.9934,62.7479,64.4045,65.9605,67.4135,68.7612,70.0016,71.1327,72.1527,73.0601,73.8534,74.5313,75.0929,75.5373,75.8637,76.0717,76.1609,76.1311,75.9825,75.7153,75.3298,74.8267,74.2068,73.4711,72.6206,71.6567,70.5809,69.3949,68.1006,66.7,65.1952,63.5886,61.8827,60.0802,58.1839,56.1968,54.1219,51.9625,49.7219,47.4037,45.0116,42.5491,40.0202,37.4288,34.779,32.0748,29.3206,26.5206,23.6792,20.8008,17.89,14.9512,11.9891,9.00823,6.01331,3.009,0
1.48738,4.45981,7.42527,10.3791,13.3168,16.2337,19.1252,21.9869,24.8142,27.6028,30.3483,33.0464,35.6929,38.2837,40.8147,43.282,45.6817,48.01,50.2635,52.4384,54.5314,56.5393,58.459,60.2873,62.0215,63.6589,65.1969,66.6331,67.9652,69.1913,70.3093,71.3175,72.2143,72.9984,73.6686,74.2237,74.6629,74.9855,75.1911,75.2792,75.2498,75.103,74.8388,74.4578,73.9606,73.3478,72.6206,71.7799,70.8272,69.7639,68.5916,67.3123,65.9279,64.4405,62.8525,61.1664,59.3847,57.5104,55.5462,53.4953,51.3609,49.1463,46.855,44.4905,42.0565,39.5569,36.9955,34.3764,31.7035,28.9812,26.2136,23.4051,20.5601,17.6829,14.7781,11.8503,8.90395,5.9437,2.97417,0
1.46763,4.40061,7.32672,10.2414,13.1401,16.0182,18.8714,21.6951,24.4849,27.2364,29.9455,32.6078,35.2192,37.7756,40.273,42.7075,45.0753,47.3728,49.5963,51.7424,53.8076,55.7889,57.6831,59.4871,61.1983,62.814,64.3316,65.7487,67.0631,68.2729,69.3761,70.3709,71.2558,72.0295,72.6908,73.2385,73.6719,73.9902,74.1931,74.2801,74.2511,74.1061,73.8455,73.4695,72.9789,72.3743,71.6567,70.8272,69.8871,68.8379,67.6812,66.4189,65.0528,63.5852,62.0183,60.3545,58.5965,56.7471,54.809,52.7853,50.6792,48.494,46.2331,43.9,41.4983,39.0319,36.5045,33.9201,31.2827,28.5965,25.8657,23.0945,20.2872,17.4482,14.582,11.693,8.78577,5.86481,2.9347,0
1.4456,4.33455,7.21672,10.0876,12.9428,15.7777,18.5881,21.3693,24.1173,26.8275,29.4959,32.1183,34.6904,37.2084,39.6684,42.0663,44.3986,46.6616,48.8517,50.9656,52.9998,54.9514,56.8171,58.5941,60.2796,61.871,63.3658,64.7616,66.0563,67.2479,68.3345,69.3144,70.1861,70.9482,71.5995,72.139,72.5659,72.8795,73.0792,73.1649,73.1363,72.9936,72.7369,72.3666,71.8833,71.2878,70.5809,69.7639,68.8379,67.8045,66.6652,65.4217,64.0762,62.6306,61.0872,59.4484,57.7168,55.8951,53.9861,51.9929,49.9184,47.766,45.539,43.2409,40.8753,38.4459,35.9565,33.4109,30.8131,28.1672,25.4774,22.7478,19.9826,17.1863,14.3631,11.5175,8.65387,5.77676,2.89064,0
1.42131,4.26171,7.09546,9.91813,12.7253,15.5126,18.2757,21.0103,23.712,26.3768,29.0003,31.5786,34.1075,36.5832,39.0018,41.3595,43.6526,45.8776,48.0309,50.1092,52.1093,54.028,55.8624,57.6095,59.2667,60.8314,62.301,63.6734,64.9464,66.118,67.1863,68.1497,69.0068,69.756,70.3964,70.9269,71.3466,71.6549,71.8513,71.9355,71.9074,71.7671,71.5147,71.1506,70.6754,70.0899,69.3949,68.5916,67.6812,66.6652,65.545,64.3225,62.9995,61.5782,60.0608,58.4495,56.747,54.9559,53.079,51.1192,49.0796,46.9634,44.7738,42.5144,40.1885,37.7999,35.3523,32.8495,30.2954,27.6939,25.0493,22.3655,19.6468,16.8975,14.1217,11.3239,8.50846,5.6797,2.84207,0
1.3948,4.18223,6.96312,9.73314,12.488,15.2233,17.9349,20.6184,23.2698,25.8848,28.4594,30.9896,33.4714,35.9009,38.2744,40.5881,42.8384,45.0219,47.135,49.1746,51.1374,53.0203,54.8205,56.535,58.1613,59.6968,61.139,62.4858,63.7351,64.8848,65.9332,66.8786,67.7197,68.455,69.0834,69.604,70.0158,70.3184,70.5111,70.5938,70.5663,70.4285,70.1808,69.8235,69.3572,68.7826,68.1006,67.3123,66.4189,65.4217,64.3225,63.1228,61.8245,60.4297,58.9405,57.3593,55.6886,53.9309,52.089,50.1658,48.1642,46.0875,43.9387,41.7214,39.4389,37.0949,34.6929,32.2368,29.7303,27.1774,24.5821,21.9484,19.2804,16.5823,13.8583,11.1127,8.34976,5.57376,2.78906,0
1.36611,4.09621,6.81991,9.53296,12.2311,14.9102,17.566,20.1943,22.7912,25.3524,27.8741,30.3522,32.783,35.1625,37.4872,39.7533,41.9574,44.0959,46.1656,48.1632,50.0856,51.9298,53.6929,55.3722,56.9651,58.469,59.8816,61.2006,62.4242,63.5503,64.5771,65.5031,66.3269,67.047,67.6625,68.1724,68.5758,68.8721,69.0609,69.1419,69.1149,68.98,68.7374,68.3874,67.9307,67.3679,66.7,65.9279,65.0528,64.0762,62.9995,61.8245,60.5529,59.1868,57.7283,56.1796,54.5432,52.8217,51.0177,49.134,47.1736,45.1396,43.035,40.8633,38.6278,36.3319,33.9794,31.5737,29.1188,26.6184,24.0765,21.497,18.8838,16.2413,13.5733,10.8842,8.17803,5.45912,2.73169,0
1.33529,4.0038,6.66605,9.31789,11.9552,14.5738,17.1697,19.7387,22.277,24.7804,27.2452,29.6674,32.0434,34.3692,36.6414,38.8564,41.0108,43.1011,45.1241,47.0766,48.9556,50.7582,52.4816,54.123,55.6799,57.1499,58.5306,59.8199,61.0159,62.1165,63.1202,64.0253,64.8305,65.5344,66.136,66.6344,67.0287,67.3183,67.5029,67.582,67.5556,67.4238,67.1866,66.8446,66.3982,65.8481,65.1952,64.4405,63.5852,62.6306,61.5782,60.4297,59.1868,57.8515,56.4259,54.9122,53.3127,51.63,49.8667,48.0255,46.1093,44.1212,42.0641,39.9414,37.7563,35.5123,33.2128,30.8614,28.4619,26.0179,23.5333,21.012,18.4578,15.8748,13.2671,10.6386,7.99353,5.33596,2.67007,0
1.30239,3.90513,6.50178,9.08827,11.6606,14.2147,16.7466,19.2523,21.728,24.1698,26.5738,28.9364,31.2537,33.5223,35.7385,37.8989,40.0001,42.0389,44.0121,45.9165,47.7492,49.5074,51.1883,52.7893,54.3078,55.7415,57.0882,58.3458,59.5123,60.5858,61.5648,62.4476,63.2329,63.9195,64.5063,64.9923,65.3769,65.6594,65.8394,65.9166,65.8909,65.7622,65.531,65.1973,64.7619,64.2254,63.5886,62.8525,62.0183,61.0872,60.0608,58.9405,57.7283,56.4259,55.0354,53.559,51.9989,50.3577,48.6378,46.842,44.9731,43.0339,41.0276,38.9571,36.8259,34.6371,32.3943,30.1009,27.7605,25.3768,22.9534,20.4942,18.003,15.4836,12.9401,10.3764,7.79654,5.20447,2.60427,0
1.26745,3.80037,6.32735,8.84446,11.3478,13.8333,16.2973,18.7358,21.1451,23.5214,25.8609,28.1601,30.4153,32.623,34.7797,36.8822,38.9271,40.9112,42.8314,44.6847,46.4683,48.1793,49.8151,51.3731,52.8509,54.2462,55.5567,56.7806,57.9157,58.9605,59.9132,60.7723,61.5366,62.2047,62.7758,63.2488,63.6231,63.898,64.0731,64.1483,64.1232,63.9981,63.773,63.4483,63.0246,62.5024,61.8827,61.1664,60.3545,59.4484,58.4495,57.3593,56.1796,54.9122,53.559,52.1222,50.604,49.0068,47.333,45.5854,43.7666,41.8794,39.9269,37.912,35.838,33.7079,31.5253,29.2934,27.0158,24.696,22.3376,19.9444,17.52,15.0683,12.593,10.0981,7.58739,5.06485,2.5344,0
1.23053,3.68967,6.14305,8.58684,11.0172,13.4304,15.8226,18.1901,20.5292,22.8363,25.1077,27.3399,29.5294,31.6727,33.7667,35.8079,37.7932,39.7195,41.5838,43.3832,45.1148,46.7759,48.3641,49.8767,51.3115,52.6661,53.9385,55.1267,56.2288,57.2431,58.168,59.0021,59.7441,60.3928,60.9473,61.4065,61.7699,62.0368,62.2068,62.2798,62.2555,62.1339,61.9154,61.6002,61.1888,60.6819,60.0802,59.3847,58.5965,57.7168,56.747,55.6886,54.5432,53.3127,51.9989,50.604,49.13,47.5793,45.9543,44.2576,42.4918,40.6596,38.7639,36.8077,34.7941,32.7261,30.607,28.4402,26.2289,23.9766,21.687,19.3634,17.0097,14.6294,12.2262,9.80395,7.36639,4.91732,2.46058,0
1.19169,3.57322,5.94916,8.31582,10.6695,13.0065,15.3232,17.616,19.8813,22.1155,24.3152,26.4769,28.5973,30.6731,32.7009,34.6777,36.6004,38.4659,40.2713,42.0139,43.6908,45.2996,46.8376,48.3025,49.6919,51.0038,52.236,53.3867,54.454,55.4363,56.3321,57.1399,57.8584,58.4867,59.0236,59.4683,59.8202,60.0787,60.2434,60.314,60.2905,60.1728,59.9612,59.6559,59.2575,58.7666,58.1839,57.5104,56.7471,55.8951,54.9559,53.9309,52.8217,51.63,50.3577,49.0068,47.5793,46.0776,44.5039,42.8607,41.1506,39.3763,37.5404,35.646,33.6959,31.6932,29.641,27.5425,25.401,23.2199,21.0025,18.7523,16.4728,14.1676,11.8403,9.49451,7.13388,4.76212,2.38292,0
1.15099,3.45118,5.74598,8.03181,10.3051,12.5623,14.7999,17.0143,19.2023,21.3602,23.4848,25.5727,27.6206,29.6255,31.5841,33.4934,35.3503,37.1521,38.8959,40.579,42.1986,43.7524,45.2379,46.6528,47.9948,49.2619,50.452,51.5634,52.5943,53.543,54.4082,55.1884,55.8824,56.4892,57.0077,57.4373,57.7772,58.0269,58.1859,58.2541,58.2314,58.1177,57.9133,57.6185,57.2337,56.7595,56.1968,55.5462,54.809,53.9861,53.079,52.089,51.0177,49.8667,48.6378,47.333,45.9543,44.5039,42.9839,41.3969,39.7452,38.0314,36.2583,34.4286,32.5451,30.6108,28.6287,26.6018,24.5335,22.4268,20.2852,18.1118,15.9102,13.6838,11.4359,9.17024,6.89024,4.59948,2.30154,0
1.1085,3.32376,5.53383,7.73526,9.92461,12.0985,14.2534,16.3861,18.4933,20.5715,22.6176,24.6285,26.6008,28.5317,30.4179,32.2567,34.0451,35.7804,37.4598,39.0807,40.6406,42.137,43.5677,44.9303,46.2227,47.443,48.5892,49.6596,50.6524,51.5661,52.3993,53.1507,53.8191,54.4035,54.9029,55.3166,55.6439,55.8844,56.0376,56.1033,56.0814,55.9719,55.775,55.4911,55.1205,54.6639,54.1219,53.4953,52.7853,51.9929,51.1192,50.1658,49.134,48.0255,46.842,45.5854,44.2576,42.8607,41.3969,39.8684,38.2777,36.6272,34.9196,33.1574,31.3434,29.4805,27.5716,25.6196,23.6277,21.5988,19.5362,17.4431,15.3228,13.1785,11.0137,8.83166,6.63584,4.42966,2.21656,0
1.06427,3.19114,5.31303,7.42663,9.52863,11.6157,13.6847,15.7324,17.7554,19.7507,21.7152,23.6458,25.5395,27.3933,29.2043,30.9697,32.6868,34.3528,35.9652,37.5214,39.0191,40.4558,41.8294,43.1376,44.3785,45.5501,46.6506,47.6782,48.6314,49.5087,50.3086,51.0301,51.6718,52.2328,52.7123,53.1095,53.4238,53.6547,53.8017,53.8648,53.8438,53.7387,53.5497,53.2771,52.9213,52.4828,51.9625,51.3609,50.6792,49.9184,49.0796,48.1642,47.1736,46.1093,44.9731,43.7666,42.4918,41.1506,39.7452,38.2777,36.7505,35.1659,33.5263,31.8345,30.0929,28.3043,26.4715,24.5975,22.685,20.737,18.7567,16.7471,14.7114,12.6527,10.5743,8.47928,6.37107,4.25292,2.12812,0
1.01838,3.05354,5.08394,7.1064,9.11777,11.1149,13.0947,15.054,16.9898,18.8991,20.7789,22.6262,24.4383,26.2121,27.945,29.6343,31.2774,32.8716,34.4144,35.9036,37.3366,38.7114,40.0257,41.2776,42.465,43.5861,44.6391,45.6224,46.5345,47.3739,48.1394,48.8297,49.4438,49.9806,50.4395,50.8195,51.1203,51.3412,51.4819,51.5423,51.5221,51.4216,51.2407,50.9798,50.6394,50.2199,49.7219,49.1463,48.494,47.766,46.9634,46.0875,45.1396,44.1212,43.0339,41.8794,40.6596,39.3763,38.0314,36.6272,35.1659,33.6496,32.0807,30.4618,28.7953,27.0839,25.3301,23.5368,21.7068,19.8429,17.948,16.025,14.0771,12.1071,10.1183,8.11367,6.09636,4.06954,2.03636,0
0.970899,2.91118,4.84692,6.77508,8.69267,10.5967,12.4842,14.3521,16.1977,18.018,19.8101,21.5713,23.2989,24.99,26.6422,28.2527,29.8191,31.339,32.8099,34.2296,35.5959,36.9066,38.1596,39.3531,40.4851,41.5539,42.5579,43.4954,44.3649,45.1652,45.895,46.5531,47.1386,47.6504,48.0878,48.4502,48.7369,48.9475,49.0817,49.1392,49.12,49.0242,48.8517,48.603,48.2784,47.8785,47.4037,46.855,46.2331,45.539,44.7738,43.9387,43.035,42.0641,41.0276,39.9269,38.7639,37.5404,36.2583,34.9196,33.5263,32.0807,30.585,29.0416,27.4528,25.8211,24.1492,22.4395,20.6948,18.9178,17.1112,15.2779,13.4208,11.5427,9.64656,7.73539,5.81213,3.87981,1.94142,0
