0,0.0996625,0.199314,0.298944,0.39854,0.498093,0.597591,0.697024,0.796379,0.895647,0.994817,1.09388,1.19282,1.29163,1.39029,1.4888,1.58715,1.68533,1.78332,1.88111,1.9787,2.07607,2.17321,2.27011,2.36676,2.46315,2.55927,2.65511,2.75065,2.8459,2.94083,3.03543,3.12971,3.22364,3.31721,3.41042,3.50325,3.5957,3.68775,3.7794,3.87063,3.96143,4.0518,4.14173,4.23119,4.3202,4.40872,4.49676,4.58431,4.67135,4.75788,4.84389,4.92936,5.01429,5.09867,5.18248,5.26573,5.3484,5.43048,5.51196,5.59283,5.67309,5.75273,5.83173,5.91009,5.9878,6.06485,6.14124,6.21695,6.29197,6.3663,6.43993,6.51286,6.58506,6.65655,6.7273,6.79731,6.86657,6.93507,7.00282,7.06979,7.13598,7.20139,7.26601,7.32983,7.39284,7.45504,7.51641,7.57696,7.63668,7.69556,7.75359,7.81077,7.86708,7.92253,7.97711,8.03082,8.08364,8.13556,8.1866,8.23673,8.28596,8.33427,8.38167,8.42815,8.4737,8.51832,8.56199,8.60473,8.64652,8.68736,8.72724,8.76617,8.80413,8.84112,8.87713,8.91217,8.94623,8.97931,9.0114,9.04249,9.07259,9.1017,9.1298,9.15689,9.18298,9.20806,9.23213,9.25518,9.27721,9.29822,9.31821,9.33717,9.35511,9.37201,9.38789,9.40273,9.41654,9.42931,9.44104,9.45174,9.46139,9.47001,9.47758,9.48411,9.48959,9.49403,9.49743,9.49978,9.50109,9.50135,9.50057,9.49874,9.49586,9.49194,9.48698,9.48097,9.47392,9.46583,9.45669,9.44652,9.4353,9.42305,9.40976,9.39544,9.38008,9.36369,9.34627,9.32782,9.30834,9.28784,9.26632,9.24378,9.22022,9.19565,9.17007,9.14347,9.11587,9.08727,9.05767,9.02707,8.99548,8.96289,8.92933,8.89478,8.85925,8.82274,8.78527,8.74683,8.70742,8.66706,8.62575,8.58348,8.54027,8.49612,8.45104,8.40503,8.35809,8.31023,8.26146,8.21178,8.16119,8.10971,8.05734,8.00408,7.94993,7.89492,7.83903,7.78228,7.72468,7.66623,7.60693,7.54679,7.48583,7.42404,7.36143,7.29802,7.2338,7.16879,7.10298,7.0364,6.96904,6.90092,6.83203,6.76239,6.69201,6.6209,6.54905,6.47649,6.40321,6.32922,6.25454,6.17918,6.10313,6.02641,5.94903,5.87099,5.79231,5.71299,5.63304,5.55247,5.47129,5.38951,5.30714,5.22418,5.14065,5.05655,4.97189,4.88669,4.80095,4.71468,4.6279,4.5406,4.45281,4.36452,4.27575,4.18652,4.09682,4.00667,3.91609,3.82507,3.73363,3.64178,3.54952,3.45688,3.36386,3.27047,3.17672,3.08261,2.98817,2.8934,2.79831,2.70292,2.60722,2.51124,2.41499,2.31847,2.22169,2.12467,2.02741,1.92993,1.83224,1.73435,1.63626,1.538,1.43957,1.34098,1.24224,1.14336,1.04436,0.945245,0.846025,0.746712,0.647317,0.54785,0.448323,0.348747,0.249132,0.14949,0.049832,-0.049832,-0.14949,-0.249132,-0.348747,-0.448323,-0.54785,-0.647317,-0.746712,-0.846025,-0.945245,-1.04436,-1.14336,-1.24224,-1.34098,-1.43957,-1.538,-1.63626,-1.73435,-1.83224,-1.92993,-2.02741,-2.12467,-2.22169,-2.31847,-2.41499,-2.51124,-2.60722,-2.70292,-2.79831,-2.8934,-2.98817,-3.08261,-3.17672,-3.27047,-3.36386,-3.45688,-3.54952,-3.64178,-3.73363,-3.82507,-3.91609,-4.00667,-4.09682,-4.18652,-4.27575,-4.36452,-4.45281,-4.5406,-4.6279,-4.71468,-4.80095,-4.88669,-4.97189,-5.05655,-5.14065,-5.22418,-5.30714,-5.38951,-5.47129,-5.55247,-5.63304,-5.71299,-5.79231,-5.87099,-5.94903,-6.02641,-6.10313,-6.17918,-6.25454,-6.32922,-6.40321,-6.47649,-6.54905,-6.6209,-6.69201,-6.76239,-6.83203,-6.90092,-6.96904,-7.0364,-7.10298,-7.16879,-7.2338,-7.29802,-7.36143,-7.42404,-7.48583,-7.54679,-7.60693,-7.66623,-7.72468,-7.78228,-7.83903,-7.89492,-7.94993,-8.00408,-8.05734,-8.10971,-8.16119,-8.21178,-8.26146,-8.31023,-8.35809,-8.40503,-8.45104,-8.49612,-8.54027,-8.58348,-8.62575,-8.66706,-8.70742,-8.74683,-8.78527,-8.82274,-8.85925,-8.89478,-8.92933,-8.96289,-8.99548,-9.02707,-9.05767,-9.08727,-9.11587,-9.14347,-9.17007,-9.19565,-9.22022,-9.24378,-9.26632,-9.28784,-9.30834,-9.32782,-9.34627,-9.36369,-9.38008,-9.39544,-9.40976,-9.42305,-9.4353,-9.44652,-9.45669,-9.46583,-9.47392,-9.48097,-9.48698,-9.49194,-9.49586,-9.49874,-9.50057,-9.50135,-9.50109,-9.49978,-9.49743,-9.49403,-9.48959,-9.48411,-9.47758,-9.47001,-9.46139,-9.45174,-9.44104,-9.42931,-9.41654,-9.40273,-9.38789,-9.37201,-9.35511,-9.33717,-9.31821,-9.29822,-9.27721,-9.25518,-9.23213,-9.20806,-9.18298,-9.15689,-9.1298,-9.1017,-9.07259,-9.04249,-9.0114,-8.97931,-8.94623,-8.91217,-8.87713,-8.84112,-8.80413,-8.76617,-8.72724,-8.68736,-8.64652,-8.60473,-8.56199,-8.51832,-8.4737,-8.42815,-8.38167,-8.33427,-8.28596,-8.23673,-8.1866,-8.13556,-8.08364,-8.03082,-7.97711,-7.92253,-7.86708,-7.81077,-7.75359,-7.69556,-7.63668,-7.57696,-7.51641,-7.45504,-7.39284,-7.32983,-7.26601,-7.20139,-7.13598,-7.06979,-7.00282,-6.93507,-6.86657,-6.79731,-6.7273,-6.65655,-6.58506,-6.51286,-6.43993,-6.3663,-6.29197,-6.21695,-6.14124,-6.06485,-5.9878,-5.91009,-5.83173,-5.75273,-5.67309,-5.59283,-5.51196,-5.43048,-5.3484,-5.26573,-5.18248,-5.09867,-5.01429,-4.92936,-4.84389,-4.75788,-4.67135,-4.58431,-4.49676,-4.40872,-4.3202,-4.23119,-4.14173,-4.0518,-3.96143,-3.87063,-3.7794,-3.68775,-3.5957,-3.50325,-3.41042,-3.31721,-3.22364,-3.12971,-3.03543,-2.94083,-2.8459,-2.75065,-2.65511,-2.55927,-2.46315,-2.36676,-2.27011,-2.17321,-2.07607,-1.9787,-1.88111,-1.78332,-1.68533,-1.58715,-1.4888,-1.39029,-1.29163,-1.19282,-1.09388,-0.994817,-0.895647,-0.796379,-0.697024,-0.597591,-0.498093,-0.39854,-0.298944,-0.199314,-0.0996625,0
0,0.091033,0.182056,0.273059,0.364032,0.454965,0.545847,0.63667,0.727423,0.818095,0.908678,0.999161,1.08953,1.17979,1.26991,1.35989,1.44973,1.5394,1.62891,1.71823,1.80737,1.8963,1.98503,2.07354,2.16183,2.24987,2.33767,2.42521,2.51248,2.59948,2.68619,2.7726,2.85871,2.94451,3.02998,3.11512,3.19991,3.28436,3.36844,3.45215,3.53548,3.61842,3.70097,3.7831,3.86482,3.94612,4.02698,4.1074,4.18737,4.26687,4.34591,4.42447,4.50254,4.58011,4.65718,4.73374,4.80978,4.88529,4.96026,5.03469,5.10856,5.18187,5.25461,5.32677,5.39835,5.46933,5.53971,5.60948,5.67863,5.74716,5.81506,5.88231,5.94892,6.01488,6.08017,6.14479,6.20874,6.27201,6.33458,6.39646,6.45763,6.51809,6.57784,6.63686,6.69515,6.75271,6.80952,6.86558,6.92089,6.97544,7.02922,7.08222,7.13445,7.18589,7.23654,7.28639,7.33545,7.38369,7.43112,7.47774,7.52353,7.5685,7.61263,7.65592,7.69838,7.73998,7.78073,7.82063,7.85967,7.89784,7.93514,7.97157,8.00713,8.0418,8.07558,8.10848,8.14049,8.1716,8.20181,8.23112,8.25952,8.28702,8.3136,8.33927,8.36402,8.38785,8.41076,8.43274,8.45379,8.47392,8.49311,8.51137,8.52869,8.54507,8.56051,8.57501,8.58857,8.60118,8.61285,8.62356,8.63333,8.64215,8.65002,8.65694,8.6629,8.66791,8.67197,8.67507,8.67722,8.67841,8.67865,8.67793,8.67626,8.67364,8.67006,8.66552,8.66004,8.6536,8.6462,8.63786,8.62857,8.61832,8.60713,8.59499,8.58191,8.56788,8.55291,8.537,8.52014,8.50235,8.48363,8.46397,8.44338,8.42186,8.39942,8.37605,8.35176,8.32655,8.30042,8.27338,8.24543,8.21658,8.18682,8.15616,8.1246,8.09214,8.0588,8.02457,7.98946,7.95347,7.9166,7.87886,7.84026,7.80079,7.76046,7.71928,7.67725,7.63438,7.59067,7.54612,7.50074,7.45453,7.40751,7.35967,7.31102,7.26157,7.21131,7.16027,7.10843,7.05582,7.00242,6.94826,6.89333,6.83765,6.78121,6.72402,6.6661,6.60744,6.54806,6.48795,6.42713,6.36561,6.30338,6.24046,6.17685,6.11257,6.04761,5.98198,5.9157,5.84877,5.78119,5.71298,5.64414,5.57467,5.5046,5.43391,5.36264,5.29077,5.21831,5.14529,5.0717,4.99755,4.92285,4.8476,4.77183,4.69553,4.61871,4.54139,4.46356,4.38525,4.30645,4.22718,4.14744,4.06725,3.98661,3.90553,3.82402,3.74209,3.65975,3.577,3.49386,3.41034,3.32644,3.24218,3.15756,3.07259,2.98729,2.90165,2.8157,2.72943,2.64287,2.55601,2.46888,2.38147,2.2938,2.20588,2.11771,2.02932,1.9407,1.85186,1.76282,1.67359,1.58417,1.49458,1.40483,1.31492,1.22486,1.13468,1.04436,0.953932,0.863399,0.77277,0.682056,0.591267,0.500413,0.409504,0.31855,0.227561,0.136546,0.0455171,-0.0455171,-0.136546,-0.227561,-0.31855,-0.409504,-0.500413,-0.591267,-0.682056,-0.77277,-0.863399,-0.953932,-1.04436,-1.13468,-1.22486,-1.31492,-1.40483,-1.49458,-1.58417,-1.67359,-1.76282,-1.85186,-1.9407,-2.02932,-2.11771,-2.20588,-2.2938,-2.38147,-2.46888,-2.55601,-2.64287,-2.72943,-2.8157,-2.90165,-2.98729,-3.07259,-3.15756,-3.24218,-3.32644,-3.41034,-3.49386,-3.577,-3.65975,-3.74209,-3.82402,-3.90553,-3.98661,-4.06725,-4.14744,-4.22718,-4.30645,-4.38525,-4.46356,-4.54139,-4.61871,-4.69553,-4.77183,-4.8476,-4.92285,-4.99755,-5.0717,-5.14529,-5.21831,-5.29077,-5.36264,-5.43391,-5.5046,-5.57467,-5.64414,-5.71298,-5.78119,-5.84877,-5.9157,-5.98198,-6.04761,-6.11257,-6.17685,-6.24046,-6.30338,-6.36561,-6.42713,-6.48795,-6.54806,-6.60744,-6.6661,-6.72402,-6.78121,-6.83765,-6.89333,-6.94826,-7.00242,-7.05582,-7.10843,-7.16027,-7.21131,-7.26157,-7.31102,-7.35967,-7.40751,-7.45453,-7.50074,-7.54612,-7.59067,-7.63438,-7.67725,-7.71928,-7.76046,-7.80079,-7.84026,-7.87886,-7.9166,-7.95347,-7.98946,-8.02457,-8.0588,-8.09214,-8.1246,-8.15616,-8.18682,-8.21658,-8.24543,-8.27338,-8.30042,-8.32655,-8.35176,-8.37605,-8.39942,-8.42186,-8.44338,-8.46397,-8.48363,-8.50235,-8.52014,-8.537,-8.55291,-8.56788,-8.58191,-8.59499,-8.60713,-8.61832,-8.62857,-8.63786,-8.6462,-8.6536,-8.66004,-8.66552,-8.67006,-8.67364,-8.67626,-8.67793,-8.67865,-8.67841,-8.67722,-8.67507,-8.67197,-8.66791,-8.6629,-8.65694,-8.65002,-8.64215,-8.63333,-8.62356,-8.61285,-8.60118,-8.58857,-8.57501,-8.56051,-8.54507,-8.52869,-8.51137,-8.49311,-8.47392,-8.45379,-8.43274,-8.41076,-8.38785,-8.36402,-8.33927,-8.3136,-8.28702,-8.25952,-8.23112,-8.20181,-8.1716,-8.14049,-8.10848,-8.07558,-8.0418,-8.00713,-7.97157,-7.93514,-7.89784,-7.85967,-7.82063,-7.78073,-7.73998,-7.69838,-7.65592,-7.61263,-7.5685,-7.52353,-7.47774,-7.43112,-7.38369,-7.33545,-7.28639,-7.23654,-7.18589,-7.13445,-7.08222,-7.02922,-6.97544,-6.92089,-6.86558,-6.80952,-6.75271,-6.69515,-6.63686,-6.57784,-6.51809,-6.45763,-6.39646,-6.33458,-6.27201,-6.20874,-6.14479,-6.08017,-6.01488,-5.94892,-5.88231,-5.81506,-5.74716,-5.67863,-5.60948,-5.53971,-5.46933,-5.39835,-5.32677,-5.25461,-5.18187,-5.10856,-5.03469,-4.96026,-4.88529,-4.80978,-4.73374,-4.65718,-4.58011,-4.50254,-4.42447,-4.34591,-4.26687,-4.18737,-4.1074,-4.02698,-3.94612,-3.86482,-3.7831,-3.70097,-3.61842,-3.53548,-3.45215,-3.36844,-3.28436,-3.19991,-3.11512,-3.02998,-2.94451,-2.85871,-2.7726,-2.68619,-2.59948,-2.51248,-2.42521,-2.33767,-2.24987,-2.16183,-2.07354,-1.98503,-1.8963,-1.80737,-1.71823,-1.62891,-1.5394,-1.44973,-1.35989,-1.26991,-1.17979,-1.08953,-0.999161,-0.908678,-0.818095,-0.727423,-0.63667,-0.545847,-0.454965,-0.364032,-0.273059,-0.182056,-0.091033,0
0,0.0823934,0.164778,0.247144,0.329483,0.411786,0.494043,0.576246,0.658386,0.740453,0.822439,0.904334,0.98613,1.06782,1.14939,1.23083,1.31214,1.3933,1.47431,1.55516,1.63584,1.71633,1.79664,1.87675,1.95666,2.03635,2.11581,2.19504,2.27403,2.35277,2.43125,2.50947,2.5874,2.66506,2.74242,2.81947,2.89622,2.97265,3.04875,3.12452,3.19994,3.27501,3.34972,3.42407,3.49803,3.57161,3.6448,3.71758,3.78996,3.86192,3.93346,4.00456,4.07522,4.14543,4.21519,4.28448,4.35331,4.42165,4.48951,4.55687,4.62373,4.69008,4.75592,4.82123,4.88601,4.95026,5.01396,5.07711,5.1397,5.20172,5.26318,5.32405,5.38434,5.44403,5.50313,5.56162,5.6195,5.67676,5.73339,5.7894,5.84476,5.89949,5.95356,6.00698,6.05974,6.11184,6.16326,6.214,6.26406,6.31343,6.3621,6.41008,6.45735,6.50391,6.54975,6.59487,6.63927,6.68294,6.72587,6.76806,6.8095,6.8502,6.89014,6.92933,6.96775,7.00541,7.0423,7.07841,7.11374,7.14829,7.18205,7.21502,7.2472,7.27858,7.30916,7.33894,7.36791,7.39607,7.42341,7.44994,7.47565,7.50053,7.52459,7.54782,7.57022,7.59179,7.61253,7.63242,7.65148,7.66969,7.68706,7.70359,7.71926,7.73409,7.74807,7.76119,7.77346,7.78488,7.79543,7.80514,7.81398,7.82196,7.82908,7.83534,7.84074,7.84527,7.84895,7.85175,7.8537,7.85478,7.85499,7.85435,7.85283,7.85046,7.84722,7.84311,7.83815,7.83232,7.82563,7.81808,7.80966,7.80039,7.79026,7.77928,7.76743,7.75474,7.74119,7.72678,7.71153,7.69543,7.67848,7.66069,7.64206,7.62258,7.60226,7.58111,7.55913,7.53631,7.51266,7.48819,7.46289,7.43678,7.40984,7.38209,7.35352,7.32415,7.29397,7.26299,7.23121,7.19864,7.16527,7.13111,7.09617,7.06045,7.02395,6.98668,6.94864,6.90983,6.87027,6.82995,6.78887,6.74705,6.70449,6.66119,6.61716,6.5724,6.52692,6.48072,6.4338,6.38618,6.33785,6.28883,6.23912,6.18871,6.13763,6.08587,6.03345,5.98036,5.92661,5.87221,5.81716,5.76147,5.70515,5.6482,5.59063,5.53245,5.47365,5.41426,5.35427,5.29368,5.23252,5.17078,5.10847,5.0456,4.98218,4.9182,4.85369,4.78864,4.72306,4.65697,4.59036,4.52325,4.45564,4.38754,4.31895,4.2499,4.18037,4.11038,4.03994,3.96906,3.89774,3.82599,3.75382,3.68124,3.60825,3.53487,3.4611,3.38694,3.31241,3.23752,3.16227,3.08668,3.01074,2.93448,2.85789,2.78098,2.70377,2.62627,2.54847,2.47039,2.39205,2.31343,2.23457,2.15546,2.07611,1.99653,1.91673,1.83672,1.75651,1.67611,1.59552,1.51476,1.43383,1.35274,1.2715,1.19013,1.10862,1.02699,0.945245,0.863399,0.781457,0.699429,0.617325,0.535152,0.452921,0.370639,0.288317,0.205964,0.123587,0.0411973,-0.0411973,-0.123587,-0.205964,-0.288317,-0.370639,-0.452921,-0.535152,-0.617325,-0.699429,-0.781457,-0.863399,-0.945245,-1.02699,-1.10862,-1.19013,-1.2715,-1.35274,-1.43383,-1.51476,-1.59552,-1.67611,-1.75651,-1.83672,-1.91673,-1.99653,-2.07611,-2.15546,-2.23457,-2.31343,-2.39205,-2.47039,-2.54847,-2.62627,-2.70377,-2.78098,-2.85789,-2.93448,-3.01074,-3.08668,-3.16227,-3.23752,-3.31241,-3.38694,-3.4611,-3.53487,-3.60825,-3.68124,-3.75382,-3.82599,-3.89774,-3.96906,-4.03994,-4.11038,-4.18037,-4.2499,-4.31895,-4.38754,-4.45564,-4.52325,-4.59036,-4.65697,-4.72306,-4.78864,-4.85369,-4.9182,-4.98218,-5.0456,-5.10847,-5.17078,-5.23252,-5.29368,-5.35427,-5.41426,-5.47365,-5.53245,-5.59063,-5.6482,-5.70515,-5.76147,-5.81716,-5.87221,-5.92661,-5.98036,-6.03345,-6.08587,-6.13763,-6.18871,-6.23912,-6.28883,-6.33785,-6.38618,-6.4338,-6.48072,-6.52692,-6.5724,-6.61716,-6.66119,-6.70449,-6.74705,-6.78887,-6.82995,-6.87027,-6.90983,-6.94864,-6.98668,-7.02395,-7.06045,-7.09617,-7.13111,-7.16527,-7.19864,-7.23121,-7.26299,-7.29397,-7.32415,-7.35352,-7.38209,-7.40984,-7.43678,-7.46289,-7.48819,-7.51266,-7.53631,-7.55913,-7.58111,-7.60226,-7.62258,-7.64206,-7.66069,-7.67848,-7.69543,-7.71153,-7.72678,-7.74119,-7.75474,-7.76743,-7.77928,-7.79026,-7.80039,-7.80966,-7.81808,-7.82563,-7.83232,-7.83815,-7.84311,-7.84722,-7.85046,-7.85283,-7.85435,-7.85499,-7.85478,-7.8537,-7.85175,-7.84895,-7.84527,-7.84074,-7.83534,-7.82908,-7.82196,-7.81398,-7.80514,-7.79543,-7.78488,-7.77346,-7.76119,-7.74807,-7.73409,-7.71926,-7.70359,-7.68706,-7.66969,-7.65148,-7.63242,-7.61253,-7.59179,-7.57022,-7.54782,-7.52459,-7.50053,-7.47565,-7.44994,-7.42341,-7.39607,-7.36791,-7.33894,-7.30916,-7.27858,-7.2472,-7.21502,-7.18205,-7.14829,-7.11374,-7.07841,-7.0423,-7.00541,-6.96775,-6.92933,-6.89014,-6.8502,-6.8095,-6.76806,-6.72587,-6.68294,-6.63927,-6.59487,-6.54975,-6.50391,-6.45735,-6.41008,-6.3621,-6.31343,-6.26406,-6.214,-6.16326,-6.11184,-6.05974,-6.00698,-5.95356,-5.89949,-5.84476,-5.7894,-5.73339,-5.67676,-5.6195,-5.56162,-5.50313,-5.44403,-5.38434,-5.32405,-5.26318,-5.20172,-5.1397,-5.07711,-5.01396,-4.95026,-4.88601,-4.82123,-4.75592,-4.69008,-4.62373,-4.55687,-4.48951,-4.42165,-4.35331,-4.28448,-4.21519,-4.14543,-4.07522,-4.00456,-3.93346,-3.86192,-3.78996,-3.71758,-3.6448,-3.57161,-3.49803,-3.42407,-3.34972,-3.27501,-3.19994,-3.12452,-3.04875,-2.97265,-2.89622,-2.81947,-2.74242,-2.66506,-2.5874,-2.50947,-2.43125,-2.35277,-2.27403,-2.19504,-2.11581,-2.03635,-1.95666,-1.87675,-1.79664,-1.71633,-1.63584,-1.55516,-1.47431,-1.3933,-1.31214,-1.23083,-1.14939,-1.06782,-0.98613,-0.904334,-0.822439,-0.740453,-0.658386,-0.576246,-0.494043,-0.411786,-0.329483,-0.247144,-0.164778,-0.0823934,0
0,0.0737448,0.147481,0.221202,0.294898,0.368562,0.442185,0.515759,0.589277,0.66273,0.73611,0.809409,0.882618,0.955731,1.02874,1.10163,1.17441,1.24705,1.31956,1.39192,1.46413,1.53617,1.60805,1.67975,1.75127,1.82259,1.89372,1.96463,2.03533,2.10581,2.17605,2.24605,2.31581,2.38531,2.45455,2.52352,2.59221,2.66062,2.72873,2.79655,2.86405,2.93124,2.99811,3.06465,3.13085,3.19671,3.26221,3.32736,3.39214,3.45654,3.52057,3.58421,3.64745,3.7103,3.77273,3.83475,3.89635,3.95752,4.01825,4.07854,4.13839,4.19778,4.2567,4.31516,4.37314,4.43064,4.48766,4.54418,4.6002,4.65571,4.71071,4.7652,4.81915,4.87258,4.92548,4.97783,5.02963,5.08088,5.13157,5.1817,5.23125,5.28023,5.32863,5.37645,5.42367,5.47029,5.51632,5.56173,5.60654,5.65072,5.69429,5.73723,5.77953,5.82121,5.86224,5.90262,5.94236,5.98144,6.01987,6.05763,6.09473,6.13115,6.1669,6.20198,6.23637,6.27007,6.30308,6.3354,6.36703,6.39795,6.42817,6.45768,6.48648,6.51457,6.54194,6.56859,6.59452,6.61972,6.64419,6.66794,6.69094,6.71322,6.73475,6.75555,6.7756,6.7949,6.81346,6.83127,6.84832,6.86462,6.88017,6.89496,6.90899,6.92226,6.93477,6.94652,6.9575,6.96772,6.97717,6.98585,6.99376,7.00091,7.00728,7.01288,7.01771,7.02177,7.02506,7.02757,7.02931,7.03028,7.03047,7.02989,7.02854,7.02641,7.02351,7.01984,7.0154,7.01018,7.00419,6.99743,6.9899,6.9816,6.97254,6.9627,6.9521,6.94074,6.92861,6.91572,6.90207,6.88766,6.87249,6.85657,6.83989,6.82246,6.80427,6.78534,6.76566,6.74524,6.72408,6.70217,6.67953,6.65616,6.63205,6.60721,6.58164,6.55535,6.52834,6.50061,6.47217,6.44301,6.41315,6.38258,6.3513,6.31933,6.28666,6.2533,6.21926,6.18452,6.14911,6.11302,6.07626,6.03883,6.00074,5.96198,5.92257,5.88251,5.8418,5.80045,5.75846,5.71584,5.67258,5.62871,5.58421,5.5391,5.49338,5.44706,5.40013,5.35261,5.30451,5.25582,5.20655,5.15671,5.1063,5.05533,5.0038,4.95172,4.8991,4.84594,4.79224,4.73802,4.68328,4.62802,4.57225,4.51598,4.45921,4.40195,4.34421,4.28599,4.2273,4.16814,4.10852,4.04845,3.98794,3.92699,3.8656,3.80379,3.74157,3.67893,3.61588,3.55244,3.48861,3.42439,3.35979,3.29483,3.2295,3.16382,3.09779,3.03142,2.96472,2.89769,2.83034,2.76268,2.69471,2.62645,2.5579,2.48907,2.41997,2.35059,2.28096,2.21108,2.14096,2.0706,2.00001,1.9292,1.85818,1.78696,1.71554,1.64393,1.57214,1.50017,1.42804,1.35576,1.28332,1.21075,1.13804,1.0652,0.992249,0.919187,0.846025,0.77277,0.699429,0.626012,0.552526,0.478978,0.405379,0.331734,0.258053,0.184344,0.110615,0.0368729,-0.0368729,-0.110615,-0.184344,-0.258053,-0.331734,-0.405379,-0.478978,-0.552526,-0.626012,-0.699429,-0.77277,-0.846025,-0.919187,-0.992249,-1.0652,-1.13804,-1.21075,-1.28332,-1.35576,-1.42804,-1.50017,-1.57214,-1.64393,-1.71554,-1.78696,-1.85818,-1.9292,-2.00001,-2.0706,-2.14096,-2.21108,-2.28096,-2.35059,-2.41997,-2.48907,-2.5579,-2.62645,-2.69471,-2.76268,-2.83034,-2.89769,-2.96472,-3.03142,-3.09779,-3.16382,-3.2295,-3.29483,-3.35979,-3.42439,-3.48861,-3.55244,-3.61588,-3.67893,-3.74157,-3.80379,-3.8656,-3.92699,-3.98794,-4.04845,-4.10852,-4.16814,-4.2273,-4.28599,-4.34421,-4.40195,-4.45921,-4.51598,-4.57225,-4.62802,-4.68328,-4.73802,-4.79224,-4.84594,-4.8991,-4.95172,-5.0038,-5.05533,-5.1063,-5.15671,-5.20655,-5.25582,-5.30451,-5.35261,-5.40013,-5.44706,-5.49338,-5.5391,-5.58421,-5.62871,-5.67258,-5.71584,-5.75846,-5.80045,-5.8418,-5.88251,-5.92257,-5.96198,-6.00074,-6.03883,-6.07626,-6.11302,-6.14911,-6.18452,-6.21926,-6.2533,-6.28666,-6.31933,-6.3513,-6.38258,-6.41315,-6.44301,-6.47217,-6.50061,-6.52834,-6.55535,-6.58164,-6.60721,-6.63205,-6.65616,-6.67953,-6.70217,-6.72408,-6.74524,-6.76566,-6.78534,-6.80427,-6.82246,-6.83989,-6.85657,-6.87249,-6.88766,-6.90207,-6.91572,-6.92861,-6.94074,-6.9521,-6.9627,-6.97254,-6.9816,-6.9899,-6.99743,-7.00419,-7.01018,-7.0154,-7.01984,-7.02351,-7.02641,-7.02854,-7.02989,-7.03047,-7.03028,-7.02931,-7.02757,-7.02506,-7.02177,-7.01771,-7.01288,-7.00728,-7.00091,-6.99376,-6.98585,-6.97717,-6.96772,-6.9575,-6.94652,-6.93477,-6.92226,-6.90899,-6.89496,-6.88017,-6.86462,-6.84832,-6.83127,-6.81346,-6.7949,-6.7756,-6.75555,-6.73475,-6.71322,-6.69094,-6.66794,-6.64419,-6.61972,-6.59452,-6.56859,-6.54194,-6.51457,-6.48648,-6.45768,-6.42817,-6.39795,-6.36703,-6.3354,-6.30308,-6.27007,-6.23637,-6.20198,-6.1669,-6.13115,-6.09473,-6.05763,-6.01987,-5.98144,-5.94236,-5.90262,-5.86224,-5.82121,-5.77953,-5.73723,-5.69429,-5.65072,-5.60654,-5.56173,-5.51632,-5.47029,-5.42367,-5.37645,-5.32863,-5.28023,-5.23125,-5.1817,-5.13157,-5.08088,-5.02963,-4.97783,-4.92548,-4.87258,-4.81915,-4.7652,-4.71071,-4.65571,-4.6002,-4.54418,-4.48766,-4.43064,-4.37314,-4.31516,-4.2567,-4.19778,-4.13839,-4.07854,-4.01825,-3.95752,-3.89635,-3.83475,-3.77273,-3.7103,-3.64745,-3.58421,-3.52057,-3.45654,-3.39214,-3.32736,-3.26221,-3.19671,-3.13085,-3.06465,-2.99811,-2.93124,-2.86405,-2.79655,-2.72873,-2.66062,-2.59221,-2.52352,-2.45455,-2.38531,-2.31581,-2.24605,-2.17605,-2.10581,-2.03533,-1.96463,-1.89372,-1.82259,-1.75127,-1.67975,-1.60805,-1.53617,-1.46413,-1.39192,-1.31956,-1.24705,-1.17441,-1.10163,-1.02874,-0.955731,-0.882618,-0.809409,-0.73611,-0.66273,-0.589277,-0.515759,-0.442185,-0.368562,-0.294898,-0.221202,-0.147481,-0.0737448,0
0,0.065088,0.130169,0.195235,0.26028,0.325297,0.390278,0.455215,0.520103,0.584933,0.649699,0.714394,0.77901,0.84354,0.907977,0.972315,1.03655,1.10066,1.16466,1.22852,1.29226,1.35585,1.41929,1.48257,1.54569,1.60864,1.67142,1.73401,1.79641,1.85861,1.92061,1.98239,2.04396,2.10531,2.16642,2.22729,2.28792,2.34829,2.40841,2.46827,2.52785,2.58715,2.64617,2.7049,2.76333,2.82145,2.87927,2.93677,2.99394,3.05079,3.1073,3.16347,3.21929,3.27475,3.32986,3.3846,3.43897,3.49295,3.54656,3.59977,3.65259,3.70501,3.75702,3.80861,3.85979,3.91054,3.96086,4.01074,4.06019,4.10919,4.15773,4.20582,4.25344,4.3006,4.34728,4.39349,4.43921,4.48445,4.52919,4.57343,4.61717,4.6604,4.70312,4.74532,4.78699,4.82815,4.86877,4.90885,4.9484,4.9874,5.02585,5.06375,5.10109,5.13787,5.17408,5.20973,5.2448,5.27929,5.31321,5.34654,5.37928,5.41143,5.44298,5.47394,5.50429,5.53404,5.56318,5.5917,5.61961,5.64691,5.67358,5.69962,5.72504,5.74984,5.77399,5.79751,5.8204,5.84264,5.86424,5.8852,5.90551,5.92517,5.94417,5.96253,5.98022,5.99726,6.01364,6.02936,6.04441,6.0588,6.07252,6.08557,6.09796,6.10967,6.12071,6.13108,6.14077,6.14979,6.15813,6.16579,6.17278,6.17908,6.18471,6.18966,6.19392,6.1975,6.2004,6.20262,6.20416,6.20501,6.20518,6.20467,6.20347,6.2016,6.19904,6.1958,6.19187,6.18727,6.18198,6.17602,6.16937,6.16205,6.15405,6.14537,6.13601,6.12598,6.11528,6.1039,6.09185,6.07913,6.06574,6.05169,6.03697,6.02158,6.00553,5.98882,5.97146,5.95343,5.93475,5.91542,5.89544,5.8748,5.85352,5.8316,5.80904,5.78583,5.76199,5.73752,5.71241,5.68668,5.66032,5.63334,5.60574,5.57752,5.54868,5.51924,5.48919,5.45854,5.42728,5.39543,5.36298,5.32995,5.29632,5.26212,5.22733,5.19198,5.15604,5.11955,5.08249,5.04487,5.00669,4.96796,4.92869,4.88888,4.84852,4.80764,4.76622,4.72428,4.68182,4.63885,4.59536,4.55137,4.50688,4.46189,4.41641,4.37045,4.324,4.27708,4.22969,4.18183,4.13352,4.08474,4.03552,3.98586,3.93575,3.88522,3.83425,3.78286,3.73106,3.67885,3.62623,3.57321,3.5198,3.46601,3.41183,3.35727,3.30235,3.24706,3.19142,3.13542,3.07908,3.02241,2.96539,2.90806,2.8504,2.79243,2.73415,2.67557,2.6167,2.55753,2.49809,2.43837,2.37839,2.31814,2.25764,2.19688,2.13589,2.07466,2.01321,1.95153,1.88964,1.82753,1.76523,1.70274,1.64005,1.57719,1.51415,1.45095,1.38759,1.32407,1.26041,1.19661,1.13267,1.06862,1.00444,0.940159,0.875771,0.811286,0.746712,0.682056,0.617325,0.552526,0.487666,0.422752,0.357792,0.292793,0.227761,0.162704,0.0976298,0.0325445,-0.0325445,-0.0976298,-0.162704,-0.227761,-0.292793,-0.357792,-0.422752,-0.487666,-0.552526,-0.617325,-0.682056,-0.746712,-0.811286,-0.875771,-0.940159,-1.00444,-1.06862,-1.13267,-1.19661,-1.26041,-1.32407,-1.38759,-1.45095,-1.51415,-1.57719,-1.64005,-1.70274,-1.76523,-1.82753,-1.88964,-1.95153,-2.01321,-2.07466,-2.13589,-2.19688,-2.25764,-2.31814,-2.37839,-2.43837,-2.49809,-2.55753,-2.6167,-2.67557,-2.73415,-2.79243,-2.8504,-2.90806,-2.96539,-3.02241,-3.07908,-3.13542,-3.19142,-3.24706,-3.30235,-3.35727,-3.41183,-3.46601,-3.5198,-3.57321,-3.62623,-3.67885,-3.73106,-3.78286,-3.83425,-3.88522,-3.93575,-3.98586,-4.03552,-4.08474,-4.13352,-4.18183,-4.22969,-4.27708,-4.324,-4.37045,-4.41641,-4.46189,-4.50688,-4.55137,-4.59536,-4.63885,-4.68182,-4.72428,-4.76622,-4.80764,-4.84852,-4.88888,-4.92869,-4.96796,-5.00669,-5.04487,-5.08249,-5.11955,-5.15604,-5.19198,-5.22733,-5.26212,-5.29632,-5.32995,-5.36298,-5.39543,-5.42728,-5.45854,-5.48919,-5.51924,-5.54868,-5.57752,-5.60574,-5.63334,-5.66032,-5.68668,-5.71241,-5.73752,-5.76199,-5.78583,-5.80904,-5.8316,-5.85352,-5.8748,-5.89544,-5.91542,-5.93475,-5.95343,-5.97146,-5.98882,-6.00553,-6.02158,-6.03697,-6.05169,-6.06574,-6.07913,-6.09185,-6.1039,-6.11528,-6.12598,-6.13601,-6.14537,-6.15405,-6.16205,-6.16937,-6.17602,-6.18198,-6.18727,-6.19187,-6.1958,-6.19904,-6.2016,-6.20347,-6.20467,-6.20518,-6.20501,-6.20416,-6.20262,-6.2004,-6.1975,-6.19392,-6.18966,-6.18471,-6.17908,-6.17278,-6.16579,-6.15813,-6.14979,-6.14077,-6.13108,-6.12071,-6.10967,-6.09796,-6.08557,-6.07252,-6.0588,-6.04441,-6.02936,-6.01364,-5.99726,-5.98022,-5.96253,-5.94417,-5.92517,-5.90551,-5.8852,-5.86424,-5.84264,-5.8204,-5.79751,-5.77399,-5.74984,-5.72504,-5.69962,-5.67358,-5.64691,-5.61961,-5.5917,-5.56318,-5.53404,-5.50429,-5.47394,-5.44298,-5.41143,-5.37928,-5.34654,-5.31321,-5.27929,-5.2448,-5.20973,-5.17408,-5.13787,-5.10109,-5.06375,-5.02585,-4.9874,-4.9484,-4.90885,-4.86877,-4.82815,-4.78699,-4.74532,-4.70312,-4.6604,-4.61717,-4.57343,-4.52919,-4.48445,-4.43921,-4.39349,-4.34728,-4.3006,-4.25344,-4.20582,-4.15773,-4.10919,-4.06019,-4.01074,-3.96086,-3.91054,-3.85979,-3.80861,-3.75702,-3.70501,-3.65259,-3.59977,-3.54656,-3.49295,-3.43897,-3.3846,-3.32986,-3.27475,-3.21929,-3.16347,-3.1073,-3.05079,-2.99394,-2.93677,-2.87927,-2.82145,-2.76333,-2.7049,-2.64617,-2.58715,-2.52785,-2.46827,-2.40841,-2.34829,-2.28792,-2.22729,-2.16642,-2.10531,-2.04396,-1.98239,-1.92061,-1.85861,-1.79641,-1.73401,-1.67142,-1.60864,-1.54569,-1.48257,-1.41929,-1.35585,-1.29226,-1.22852,-1.16466,-1.10066,-1.03655,-0.972315,-0.907977,-0.84354,-0.77901,-0.714394,-0.649699,-0.584933,-0.520103,-0.455215,-0.390278,-0.325297,-0.26028,-0.195235,-0.130169,-0.065088,0
0,0.0564241,0.112842,0.169247,0.225634,0.281996,0.338327,0.394621,0.450872,0.507072,0.563217,0.6193,0.675315,0.731256,0.787116,0.842889,0.89857,0.954152,1.00963,1.06499,1.12024,1.17537,1.23036,1.28523,1.33994,1.39452,1.44893,1.50319,1.55729,1.61121,1.66495,1.71852,1.77189,1.82507,1.87804,1.93081,1.98337,2.03571,2.08783,2.13971,2.19136,2.24277,2.29394,2.34485,2.3955,2.44589,2.49601,2.54585,2.59542,2.64469,2.69368,2.74237,2.79076,2.83885,2.88662,2.93407,2.9812,3.028,3.07447,3.1206,3.16639,3.21183,3.25692,3.30164,3.34601,3.39,3.43363,3.47687,3.51973,3.56221,3.60429,3.64598,3.68726,3.72814,3.76861,3.80867,3.84831,3.88752,3.9263,3.96466,4.00257,4.04005,4.07708,4.11366,4.14979,4.18547,4.22068,4.25543,4.28971,4.32352,4.35685,4.38971,4.42208,4.45396,4.48536,4.51626,4.54666,4.57656,4.60596,4.63486,4.66324,4.69111,4.71846,4.7453,4.77161,4.7974,4.82266,4.84739,4.87158,4.89524,4.91836,4.94094,4.96298,4.98447,5.00541,5.0258,5.04564,5.06492,5.08365,5.10182,5.11942,5.13646,5.15294,5.16885,5.18419,5.19896,5.21316,5.22678,5.23983,5.25231,5.2642,5.27552,5.28625,5.29641,5.30598,5.31497,5.32337,5.33119,5.33842,5.34506,5.35112,5.35658,5.36146,5.36575,5.36944,5.37255,5.37506,5.37699,5.37832,5.37906,5.37921,5.37876,5.37773,5.3761,5.37388,5.37107,5.36767,5.36368,5.35909,5.35392,5.34816,5.34181,5.33488,5.32735,5.31924,5.31055,5.30127,5.2914,5.28096,5.26993,5.25833,5.24614,5.23338,5.22004,5.20613,5.19165,5.17659,5.16097,5.14477,5.12801,5.11069,5.0928,5.07436,5.05535,5.03579,5.01568,4.99501,4.97379,4.95203,4.92972,4.90687,4.88348,4.85955,4.83509,4.81009,4.78457,4.75852,4.73195,4.70485,4.67724,4.64911,4.62047,4.59133,4.56167,4.53152,4.50087,4.46972,4.43808,4.40595,4.37334,4.34025,4.30667,4.27263,4.23811,4.20313,4.16769,4.13179,4.09543,4.05862,4.02137,3.98367,3.94553,3.90696,3.86797,3.82854,3.78869,3.74843,3.70776,3.66667,3.62519,3.5833,3.54102,3.49835,3.4553,3.41186,3.36805,3.32387,3.27932,3.23442,3.18915,3.14354,3.09758,3.05128,3.00464,2.95768,2.91039,2.86277,2.81485,2.76661,2.71807,2.66923,2.62009,2.57067,2.52096,2.47098,2.42073,2.3702,2.31942,2.26839,2.2171,2.16557,2.1138,2.0618,2.00957,1.95712,1.90445,1.85158,1.7985,1.74523,1.69176,1.6381,1.58427,1.53026,1.47608,1.42175,1.36725,1.3126,1.25781,1.20288,1.14782,1.09263,1.03733,0.981904,0.926374,0.870742,0.815014,0.759196,0.703295,0.647317,0.591267,0.535152,0.478978,0.422752,0.366479,0.310166,0.253819,0.197444,0.141047,0.0846342,0.0282124,-0.0282124,-0.0846342,-0.141047,-0.197444,-0.253819,-0.310166,-0.366479,-0.422752,-0.478978,-0.535152,-0.591267,-0.647317,-0.703295,-0.759196,-0.815014,-0.870742,-0.926374,-0.981904,-1.03733,-1.09263,-1.14782,-1.20288,-1.25781,-1.3126,-1.36725,-1.42175,-1.47608,-1.53026,-1.58427,-1.6381,-1.69176,-1.74523,-1.7985,-1.85158,-1.90445,-1.95712,-2.00957,-2.0618,-2.1138,-2.16557,-2.2171,-2.26839,-2.31942,-2.3702,-2.42073,-2.47098,-2.52096,-2.57067,-2.62009,-2.66923,-2.71807,-2.76661,-2.81485,-2.86277,-2.91039,-2.95768,-3.00464,-3.05128,-3.09758,-3.14354,-3.18915,-3.23442,-3.27932,-3.32387,-3.36805,-3.41186,-3.4553,-3.49835,-3.54102,-3.5833,-3.62519,-3.66667,-3.70776,-3.74843,-3.78869,-3.82854,-3.86797,-3.90696,-3.94553,-3.98367,-4.02137,-4.05862,-4.09543,-4.13179,-4.16769,-4.20313,-4.23811,-4.27263,-4.30667,-4.34025,-4.37334,-4.40595,-4.43808,-4.46972,-4.50087,-4.53152,-4.56167,-4.59133,-4.62047,-4.64911,-4.67724,-4.70485,-4.73195,-4.75852,-4.78457,-4.81009,-4.83509,-4.85955,-4.88348,-4.90687,-4.92972,-4.95203,-4.97379,-4.99501,-5.01568,-5.03579,-5.05535,-5.07436,-5.0928,-5.11069,-5.12801,-5.14477,-5.16097,-5.17659,-5.19165,-5.20613,-5.22004,-5.23338,-5.24614,-5.25833,-5.26993,-5.28096,-5.2914,-5.30127,-5.31055,-5.31924,-5.32735,-5.33488,-5.34181,-5.34816,-5.35392,-5.35909,-5.36368,-5.36767,-5.37107,-5.37388,-5.3761,-5.37773,-5.37876,-5.37921,-5.37906,-5.37832,-5.37699,-5.37506,-5.37255,-5.36944,-5.36575,-5.36146,-5.35658,-5.35112,-5.34506,-5.33842,-5.33119,-5.32337,-5.31497,-5.30598,-5.29641,-5.28625,-5.27552,-5.2642,-5.25231,-5.23983,-5.22678,-5.21316,-5.19896,-5.18419,-5.16885,-5.15294,-5.13646,-5.11942,-5.10182,-5.08365,-5.06492,-5.04564,-5.0258,-5.00541,-4.98447,-4.96298,-4.94094,-4.91836,-4.89524,-4.87158,-4.84739,-4.82266,-4.7974,-4.77161,-4.7453,-4.71846,-4.69111,-4.66324,-4.63486,-4.60596,-4.57656,-4.54666,-4.51626,-4.48536,-4.45396,-4.42208,-4.38971,-4.35685,-4.32352,-4.28971,-4.25543,-4.22068,-4.18547,-4.14979,-4.11366,-4.07708,-4.04005,-4.00257,-3.96466,-3.9263,-3.88752,-3.84831,-3.80867,-3.76861,-3.72814,-3.68726,-3.64598,-3.60429,-3.56221,-3.51973,-3.47687,-3.43363,-3.39,-3.34601,-3.30164,-3.25692,-3.21183,-3.16639,-3.1206,-3.07447,-3.028,-2.9812,-2.93407,-2.88662,-2.83885,-2.79076,-2.74237,-2.69368,-2.64469,-2.59542,-2.54585,-2.49601,-2.44589,-2.3955,-2.34485,-2.29394,-2.24277,-2.19136,-2.13971,-2.08783,-2.03571,-1.98337,-1.93081,-1.87804,-1.82507,-1.77189,-1.71852,-1.66495,-1.61121,-1.55729,-1.50319,-1.44893,-1.39452,-1.33994,-1.28523,-1.23036,-1.17537,-1.12024,-1.06499,-1.00963,-0.954152,-0.89857,-0.842889,-0.787116,-0.731256,-0.675315,-0.6193,-0.563217,-0.507072,-0.450872,-0.394621,-0.338327,-0.281996,-0.225634,-0.169247,-0.112842,-0.0564241,0
0,0.047754,0.0955027,0.143241,0.190963,0.238665,0.28634,0.333984,0.381591,0.429156,0.476673,0.524139,0.571546,0.618891,0.666168,0.713371,0.760496,0.807537,0.854489,0.901348,0.948107,0.994762,1.04131,1.08774,1.13405,1.18024,1.22629,1.27221,1.31799,1.36363,1.40912,1.45445,1.49962,1.54463,1.58946,1.63413,1.67861,1.7229,1.76701,1.81092,1.85464,1.89815,1.94145,1.98454,2.02741,2.07005,2.11247,2.15466,2.1966,2.23831,2.27977,2.32098,2.36194,2.40263,2.44306,2.48322,2.52311,2.56272,2.60205,2.64109,2.67984,2.7183,2.75646,2.79431,2.83186,2.8691,2.90602,2.94262,2.97889,3.01484,3.05046,3.08574,3.12068,3.15528,3.18953,3.22343,3.25698,3.29016,3.32299,3.35545,3.38754,3.41926,3.4506,3.48156,3.51214,3.54233,3.57213,3.60154,3.63055,3.65917,3.68738,3.71518,3.74258,3.76957,3.79614,3.82229,3.84802,3.87333,3.89821,3.92266,3.94669,3.97027,3.99342,4.01614,4.03841,4.06023,4.08161,4.10254,4.12302,4.14304,4.16261,4.18172,4.20037,4.21856,4.23628,4.25354,4.27033,4.28665,4.3025,4.31787,4.33277,4.3472,4.36114,4.3746,4.38759,4.40009,4.41211,4.42364,4.43468,4.44524,4.45531,4.46488,4.47397,4.48256,4.49066,4.49827,4.50538,4.512,4.51812,4.52374,4.52886,4.53349,4.53762,4.54125,4.54437,4.547,4.54913,4.55076,4.55189,4.55251,4.55264,4.55226,4.55138,4.55001,4.54813,4.54575,4.54287,4.53949,4.53562,4.53124,4.52636,4.52099,4.51512,4.50875,4.50189,4.49453,4.48668,4.47833,4.46949,4.46016,4.45033,4.44002,4.42922,4.41793,4.40616,4.3939,4.38116,4.36793,4.35423,4.34004,4.32538,4.31024,4.29463,4.27855,4.26199,4.24497,4.22748,4.20952,4.1911,4.17222,4.15288,4.13308,4.11283,4.09213,4.07098,4.04937,4.02733,4.00484,3.9819,3.95853,3.93473,3.91049,3.88582,3.86073,3.83521,3.80926,3.7829,3.75613,3.72893,3.70133,3.67332,3.64491,3.6161,3.58689,3.55728,3.52728,3.4969,3.46613,3.43497,3.40344,3.37154,3.33926,3.30662,3.27361,3.24025,3.20652,3.17245,3.13802,3.10325,3.06814,3.03269,2.99691,2.96079,2.92436,2.8876,2.85052,2.81313,2.77542,2.73742,2.69911,2.6605,2.62161,2.58242,2.54295,2.5032,2.46318,2.42288,2.38232,2.34149,2.30041,2.25907,2.21749,2.17566,2.13359,2.09129,2.04876,2.006,1.96302,1.91983,1.87642,1.83281,1.78899,1.74498,1.70078,1.65639,1.61182,1.56707,1.52214,1.47706,1.4318,1.38639,1.34083,1.29512,1.24927,1.20328,1.15716,1.11091,1.06454,1.01805,0.971447,0.92474,0.877931,0.831025,0.784027,0.736944,0.689779,0.642538,0.595227,0.54785,0.500413,0.452921,0.405379,0.357792,0.310166,0.262506,0.214817,0.167104,0.119373,0.0716293,0.0238773,-0.0238773,-0.0716293,-0.119373,-0.167104,-0.214817,-0.262506,-0.310166,-0.357792,-0.405379,-0.452921,-0.500413,-0.54785,-0.595227,-0.642538,-0.689779,-0.736944,-0.784027,-0.831025,-0.877931,-0.92474,-0.971447,-1.01805,-1.06454,-1.11091,-1.15716,-1.20328,-1.24927,-1.29512,-1.34083,-1.38639,-1.4318,-1.47706,-1.52214,-1.56707,-1.61182,-1.65639,-1.70078,-1.74498,-1.78899,-1.83281,-1.87642,-1.91983,-1.96302,-2.006,-2.04876,-2.09129,-2.13359,-2.17566,-2.21749,-2.25907,-2.30041,-2.34149,-2.38232,-2.42288,-2.46318,-2.5032,-2.54295,-2.58242,-2.62161,-2.6605,-2.69911,-2.73742,-2.77542,-2.81313,-2.85052,-2.8876,-2.92436,-2.96079,-2.99691,-3.03269,-3.06814,-3.10325,-3.13802,-3.17245,-3.20652,-3.24025,-3.27361,-3.30662,-3.33926,-3.37154,-3.40344,-3.43497,-3.46613,-3.4969,-3.52728,-3.55728,-3.58689,-3.6161,-3.64491,-3.67332,-3.70133,-3.72893,-3.75613,-3.7829,-3.80926,-3.83521,-3.86073,-3.88582,-3.91049,-3.93473,-3.95853,-3.9819,-4.00484,-4.02733,-4.04937,-4.07098,-4.09213,-4.11283,-4.13308,-4.15288,-4.17222,-4.1911,-4.20952,-4.22748,-4.24497,-4.26199,-4.27855,-4.29463,-4.31024,-4.32538,-4.34004,-4.35423,-4.36793,-4.38116,-4.3939,-4.40616,-4.41793,-4.42922,-4.44002,-4.45033,-4.46016,-4.46949,-4.47833,-4.48668,-4.49453,-4.50189,-4.50875,-4.51512,-4.52099,-4.52636,-4.53124,-4.53562,-4.53949,-4.54287,-4.54575,-4.54813,-4.55001,-4.55138,-4.55226,-4.55264,-4.55251,-4.55189,-4.55076,-4.54913,-4.547,-4.54437,-4.54125,-4.53762,-4.53349,-4.52886,-4.52374,-4.51812,-4.512,-4.50538,-4.49827,-4.49066,-4.48256,-4.47397,-4.46488,-4.45531,-4.44524,-4.43468,-4.42364,-4.41211,-4.40009,-4.38759,-4.3746,-4.36114,-4.3472,-4.33277,-4.31787,-4.3025,-4.28665,-4.27033,-4.25354,-4.23628,-4.21856,-4.20037,-4.18172,-4.16261,-4.14304,-4.12302,-4.10254,-4.08161,-4.06023,-4.03841,-4.01614,-3.99342,-3.97027,-3.94669,-3.92266,-3.89821,-3.87333,-3.84802,-3.82229,-3.79614,-3.76957,-3.74258,-3.71518,-3.68738,-3.65917,-3.63055,-3.60154,-3.57213,-3.54233,-3.51214,-3.48156,-3.4506,-3.41926,-3.38754,-3.35545,-3.32299,-3.29016,-3.25698,-3.22343,-3.18953,-3.15528,-3.12068,-3.08574,-3.05046,-3.01484,-2.97889,-2.94262,-2.90602,-2.8691,-2.83186,-2.79431,-2.75646,-2.7183,-2.67984,-2.64109,-2.60205,-2.56272,-2.52311,-2.48322,-2.44306,-2.40263,-2.36194,-2.32098,-2.27977,-2.23831,-2.1966,-2.15466,-2.11247,-2.07005,-2.02741,-1.98454,-1.94145,-1.89815,-1.85464,-1.81092,-1.76701,-1.7229,-1.67861,-1.63413,-1.58946,-1.54463,-1.49962,-1.45445,-1.40912,-1.36363,-1.31799,-1.27221,-1.22629,-1.18024,-1.13405,-1.08774,-1.04131,-0.994762,-0.948107,-0.901348,-0.854489,-0.807537,-0.760496,-0.713371,-0.666168,-0.618891,-0.571546,-0.524139,-0.476673,-0.429156,-0.381591,-0.333984,-0.28634,-0.238665,-0.190963,-0.143241,-0.0955027,-0.047754,0
0,0.0390786,0.0781529,0.117219,0.156271,0.195307,0.234321,0.27331,0.312268,0.351192,0.390077,0.428919,0.467715,0.506458,0.545146,0.583774,0.622338,0.660833,0.699256,0.737601,0.775866,0.814045,0.852135,0.89013,0.928028,0.965824,1.00351,1.04109,1.07856,1.1159,1.15313,1.19022,1.22719,1.26402,1.30071,1.33726,1.37366,1.40991,1.446,1.48194,1.51771,1.55332,1.58875,1.62401,1.65909,1.69399,1.7287,1.76322,1.79755,1.83168,1.86561,1.89933,1.93285,1.96615,1.99923,2.0321,2.06474,2.09716,2.12934,2.16129,2.193,2.22447,2.2557,2.28668,2.3174,2.34787,2.37809,2.40804,2.43772,2.46714,2.49629,2.52516,2.55375,2.58207,2.61009,2.63784,2.66529,2.69244,2.71931,2.74587,2.77213,2.79809,2.82373,2.84907,2.87409,2.8988,2.92319,2.94726,2.971,2.99441,3.0175,3.04025,3.06267,3.08476,3.1065,3.1279,3.14896,3.16967,3.19003,3.21004,3.2297,3.249,3.26795,3.28653,3.30476,3.32262,3.34011,3.35724,3.374,3.39038,3.4064,3.42203,3.4373,3.45218,3.46668,3.48081,3.49455,3.5079,3.52087,3.53345,3.54565,3.55745,3.56886,3.57988,3.5905,3.60073,3.61057,3.62,3.62904,3.63768,3.64592,3.65376,3.66119,3.66822,3.67485,3.68108,3.6869,3.69231,3.69732,3.70192,3.70611,3.7099,3.71328,3.71625,3.71881,3.72096,3.7227,3.72403,3.72495,3.72547,3.72557,3.72526,3.72454,3.72342,3.72188,3.71993,3.71758,3.71481,3.71164,3.70806,3.70407,3.69967,3.69487,3.68966,3.68404,3.67802,3.67159,3.66476,3.65752,3.64989,3.64185,3.63341,3.62457,3.61534,3.6057,3.59567,3.58524,3.57442,3.5632,3.5516,3.5396,3.52721,3.51443,3.50127,3.48772,3.47379,3.45948,3.44479,3.42971,3.41426,3.39844,3.38224,3.36566,3.34872,3.33141,3.31373,3.29569,3.27728,3.25852,3.2394,3.21991,3.20008,3.17989,3.15936,3.13847,3.11724,3.09567,3.07376,3.05151,3.02892,3.006,2.98275,2.95917,2.93526,2.91104,2.88649,2.86162,2.83644,2.81095,2.78515,2.75904,2.73263,2.70591,2.6789,2.6516,2.624,2.59612,2.56794,2.53949,2.51076,2.48175,2.45247,2.42291,2.39309,2.36301,2.33267,2.30207,2.27122,2.24012,2.20877,2.17718,2.14534,2.11328,2.08098,2.04845,2.0157,1.98272,1.94953,1.91612,1.8825,1.84867,1.81464,1.78041,1.74599,1.71137,1.67656,1.64157,1.6064,1.57105,1.53553,1.49984,1.46399,1.42797,1.3918,1.35548,1.319,1.28238,1.24562,1.20872,1.17169,1.13453,1.09725,1.05984,1.02232,0.984682,0.946939,0.909092,0.871145,0.833101,0.794966,0.756744,0.718439,0.680054,0.641594,0.603064,0.564468,0.525809,0.487093,0.448323,0.409504,0.370639,0.331734,0.292793,0.253819,0.214817,0.175792,0.136747,0.0976871,0.0586166,0.0195396,-0.0195396,-0.0586166,-0.0976871,-0.136747,-0.175792,-0.214817,-0.253819,-0.292793,-0.331734,-0.370639,-0.409504,-0.448323,-0.487093,-0.525809,-0.564468,-0.603064,-0.641594,-0.680054,-0.718439,-0.756744,-0.794966,-0.833101,-0.871145,-0.909092,-0.946939,-0.984682,-1.02232,-1.05984,-1.09725,-1.13453,-1.17169,-1.20872,-1.24562,-1.28238,-1.319,-1.35548,-1.3918,-1.42797,-1.46399,-1.49984,-1.53553,-1.57105,-1.6064,-1.64157,-1.67656,-1.71137,-1.74599,-1.78041,-1.81464,-1.84867,-1.8825,-1.91612,-1.94953,-1.98272,-2.0157,-2.04845,-2.08098,-2.11328,-2.14534,-2.17718,-2.20877,-2.24012,-2.27122,-2.30207,-2.33267,-2.36301,-2.39309,-2.42291,-2.45247,-2.48175,-2.51076,-2.53949,-2.56794,-2.59612,-2.624,-2.6516,-2.6789,-2.70591,-2.73263,-2.75904,-2.78515,-2.81095,-2.83644,-2.86162,-2.88649,-2.91104,-2.93526,-2.95917,-2.98275,-3.006,-3.02892,-3.05151,-3.07376,-3.09567,-3.11724,-3.13847,-3.15936,-3.17989,-3.20008,-3.21991,-3.2394,-3.25852,-3.27728,-3.29569,-3.31373,-3.33141,-3.34872,-3.36566,-3.38224,-3.39844,-3.41426,-3.42971,-3.44479,-3.45948,-3.47379,-3.48772,-3.50127,-3.51443,-3.52721,-3.5396,-3.5516,-3.5632,-3.57442,-3.58524,-3.59567,-3.6057,-3.61534,-3.62457,-3.63341,-3.64185,-3.64989,-3.65752,-3.66476,-3.67159,-3.67802,-3.68404,-3.68966,-3.69487,-3.69967,-3.70407,-3.70806,-3.71164,-3.71481,-3.71758,-3.71993,-3.72188,-3.72342,-3.72454,-3.72526,-3.72557,-3.72547,-3.72495,-3.72403,-3.7227,-3.72096,-3.71881,-3.71625,-3.71328,-3.7099,-3.70611,-3.70192,-3.69732,-3.69231,-3.6869,-3.68108,-3.67485,-3.66822,-3.66119,-3.65376,-3.64592,-3.63768,-3.62904,-3.62,-3.61057,-3.60073,-3.5905,-3.57988,-3.56886,-3.55745,-3.54565,-3.53345,-3.52087,-3.5079,-3.49455,-3.48081,-3.46668,-3.45218,-3.4373,-3.42203,-3.4064,-3.39038,-3.374,-3.35724,-3.34011,-3.32262,-3.30476,-3.28653,-3.26795,-3.249,-3.2297,-3.21004,-3.19003,-3.16967,-3.14896,-3.1279,-3.1065,-3.08476,-3.06267,-3.04025,-3.0175,-2.99441,-2.971,-2.94726,-2.92319,-2.8988,-2.87409,-2.84907,-2.82373,-2.79809,-2.77213,-2.74587,-2.71931,-2.69244,-2.66529,-2.63784,-2.61009,-2.58207,-2.55375,-2.52516,-2.49629,-2.46714,-2.43772,-2.40804,-2.37809,-2.34787,-2.3174,-2.28668,-2.2557,-2.22447,-2.193,-2.16129,-2.12934,-2.09716,-2.06474,-2.0321,-1.99923,-1.96615,-1.93285,-1.89933,-1.86561,-1.83168,-1.79755,-1.76322,-1.7287,-1.69399,-1.65909,-1.62401,-1.58875,-1.55332,-1.51771,-1.48194,-1.446,-1.40991,-1.37366,-1.33726,-1.30071,-1.26402,-1.22719,-1.19022,-1.15313,-1.1159,-1.07856,-1.04109,-1.00351,-0.965824,-0.928028,-0.89013,-0.852135,-0.814045,-0.775866,-0.737601,-0.699256,-0.660833,-0.622338,-0.583774,-0.545146,-0.506458,-0.467715,-0.428919,-0.390077,-0.351192,-0.312268,-0.27331,-0.234321,-0.195307,-0.156271,-0.117219,-0.0781529,-0.0390786,0
0,0.0303989,0.0607945,0.0911834,0.121562,0.151928,0.182277,0.212605,0.242911,0.273189,0.303438,0.333653,0.363831,0.39397,0.424065,0.454113,0.484112,0.514057,0.543945,0.573774,0.60354,0.633239,0.662869,0.692425,0.721906,0.751307,0.780625,0.809857,0.839001,0.868052,0.897007,0.925864,0.954619,0.983269,1.01181,1.04024,1.06856,1.09676,1.12483,1.15279,1.18061,1.20831,1.23588,1.2633,1.29059,1.31774,1.34474,1.3716,1.3983,1.42485,1.45124,1.47748,1.50355,1.52945,1.55519,1.58075,1.60615,1.63136,1.6564,1.68125,1.70592,1.7304,1.75469,1.77879,1.80269,1.82639,1.84989,1.87319,1.89628,1.91917,1.94184,1.9643,1.98654,2.00857,2.03037,2.05195,2.07331,2.09443,2.11533,2.13599,2.15642,2.17661,2.19656,2.21627,2.23573,2.25495,2.27393,2.29265,2.31112,2.32933,2.34729,2.36499,2.38243,2.39961,2.41652,2.43317,2.44955,2.46566,2.4815,2.49707,2.51236,2.52737,2.54211,2.55657,2.57074,2.58464,2.59825,2.61157,2.6246,2.63735,2.64981,2.66197,2.67384,2.68542,2.69671,2.70769,2.71838,2.72877,2.73886,2.74864,2.75813,2.76731,2.77619,2.78476,2.79302,2.80098,2.80863,2.81597,2.823,2.82972,2.83613,2.84223,2.84801,2.85348,2.85864,2.86348,2.86801,2.87222,2.87611,2.87969,2.88296,2.8859,2.88853,2.89084,2.89283,2.8945,2.89586,2.89689,2.89761,2.89801,2.89809,2.89785,2.89729,2.89642,2.89522,2.89371,2.89187,2.88972,2.88725,2.88447,2.88136,2.87794,2.87421,2.87015,2.86578,2.8611,2.8561,2.85079,2.84516,2.83922,2.83297,2.8264,2.81953,2.81234,2.80484,2.79704,2.78893,2.78051,2.77179,2.76276,2.75342,2.74379,2.73385,2.72361,2.71307,2.70224,2.6911,2.67967,2.66795,2.65593,2.64362,2.63101,2.61812,2.60494,2.59148,2.57773,2.56369,2.54937,2.53478,2.5199,2.50475,2.48932,2.47361,2.45764,2.44139,2.42488,2.4081,2.39105,2.37374,2.35617,2.33834,2.32025,2.30191,2.28332,2.26447,2.24537,2.22603,2.20644,2.18661,2.16654,2.14623,2.12569,2.10491,2.0839,2.06266,2.04119,2.0195,1.99758,1.97545,1.9531,1.93053,1.90775,1.88476,1.86157,1.83817,1.81456,1.79076,1.76676,1.74257,1.71818,1.69361,1.66885,1.6439,1.61878,1.59347,1.56799,1.54234,1.51652,1.49053,1.46438,1.43807,1.41159,1.38497,1.35819,1.33126,1.30418,1.27697,1.24961,1.22211,1.19448,1.16672,1.13883,1.11081,1.08267,1.05441,1.02604,0.997554,0.968957,0.940255,0.911448,0.882542,0.853538,0.824441,0.795252,0.765976,0.736616,0.707175,0.677656,0.648063,0.618398,0.588665,0.558868,0.529008,0.499091,0.469119,0.439095,0.409023,0.378906,0.348747,0.31855,0.288317,0.258053,0.227761,0.197444,0.167104,0.136747,0.106374,0.07599,0.0455974,0.0151997,-0.0151997,-0.0455974,-0.07599,-0.106374,-0.136747,-0.167104,-0.197444,-0.227761,-0.258053,-0.288317,-0.31855,-0.348747,-0.378906,-0.409023,-0.439095,-0.469119,-0.499091,-0.529008,-0.558868,-0.588665,-0.618398,-0.648063,-0.677656,-0.707175,-0.736616,-0.765976,-0.795252,-0.824441,-0.853538,-0.882542,-0.911448,-0.940255,-0.968957,-0.997554,-1.02604,-1.05441,-1.08267,-1.11081,-1.13883,-1.16672,-1.19448,-1.22211,-1.24961,-1.27697,-1.30418,-1.33126,-1.35819,-1.38497,-1.41159,-1.43807,-1.46438,-1.49053,-1.51652,-1.54234,-1.56799,-1.59347,-1.61878,-1.6439,-1.66885,-1.69361,-1.71818,-1.74257,-1.76676,-1.79076,-1.81456,-1.83817,-1.86157,-1.88476,-1.90775,-1.93053,-1.9531,-1.97545,-1.99758,-2.0195,-2.04119,-2.06266,-2.0839,-2.10491,-2.12569,-2.14623,-2.16654,-2.18661,-2.20644,-2.22603,-2.24537,-2.26447,-2.28332,-2.30191,-2.32025,-2.33834,-2.35617,-2.37374,-2.39105,-2.4081,-2.42488,-2.44139,-2.45764,-2.47361,-2.48932,-2.50475,-2.5199,-2.53478,-2.54937,-2.56369,-2.57773,-2.59148,-2.60494,-2.61812,-2.63101,-2.64362,-2.65593,-2.66795,-2.67967,-2.6911,-2.70224,-2.71307,-2.72361,-2.73385,-2.74379,-2.75342,-2.76276,-2.77179,-2.78051,-2.78893,-2.79704,-2.80484,-2.81234,-2.81953,-2.8264,-2.83297,-2.83922,-2.84516,-2.85079,-2.8561,-2.8611,-2.86578,-2.87015,-2.87421,-2.87794,-2.88136,-2.88447,-2.88725,-2.88972,-2.89187,-2.89371,-2.89522,-2.89642,-2.89729,-2.89785,-2.89809,-2.89801,-2.89761,-2.89689,-2.89586,-2.8945,-2.89283,-2.89084,-2.88853,-2.8859,-2.88296,-2.87969,-2.87611,-2.87222,-2.86801,-2.86348,-2.85864,-2.85348,-2.84801,-2.84223,-2.83613,-2.82972,-2.823,-2.81597,-2.80863,-2.80098,-2.79302,-2.78476,-2.77619,-2.76731,-2.75813,-2.74864,-2.73886,-2.72877,-2.71838,-2.70769,-2.69671,-2.68542,-2.67384,-2.66197,-2.64981,-2.63735,-2.6246,-2.61157,-2.59825,-2.58464,-2.57074,-2.55657,-2.54211,-2.52737,-2.51236,-2.49707,-2.4815,-2.46566,-2.44955,-2.43317,-2.41652,-2.39961,-2.38243,-2.36499,-2.34729,-2.32933,-2.31112,-2.29265,-2.27393,-2.25495,-2.23573,-2.21627,-2.19656,-2.17661,-2.15642,-2.13599,-2.11533,-2.09443,-2.07331,-2.05195,-2.03037,-2.00857,-1.98654,-1.9643,-1.94184,-1.91917,-1.89628,-1.87319,-1.84989,-1.82639,-1.80269,-1.77879,-1.75469,-1.7304,-1.70592,-1.68125,-1.6564,-1.63136,-1.60615,-1.58075,-1.55519,-1.52945,-1.50355,-1.47748,-1.45124,-1.42485,-1.3983,-1.3716,-1.34474,-1.31774,-1.29059,-1.2633,-1.23588,-1.20831,-1.18061,-1.15279,-1.12483,-1.09676,-1.06856,-1.04024,-1.01181,-0.983269,-0.954619,-0.925864,-0.897007,-0.868052,-0.839001,-0.809857,-0.780625,-0.751307,-0.721906,-0.692425,-0.662869,-0.633239,-0.60354,-0.573774,-0.543945,-0.514057,-0.484112,-0.454113,-0.424065,-0.39397,-0.363831,-0.333653,-0.303438,-0.273189,-0.242911,-0.212605,-0.182277,-0.151928,-0.121562,-0.0911834,-0.0607945,-0.0303989,0
0,0.0217159,0.0434294,0.0651382,0.0868398,0.108532,0.130212,0.151878,0.173527,0.195157,0.216765,0.23835,0.259908,0.281438,0.302937,0.324402,0.345832,0.367224,0.388575,0.409884,0.431147,0.452363,0.47353,0.494644,0.515704,0.536707,0.557651,0.578533,0.599352,0.620105,0.64079,0.661404,0.681946,0.702412,0.722802,0.743111,0.763339,0.783483,0.803541,0.82351,0.843389,0.863175,0.882866,0.902459,0.921954,0.941347,0.960636,0.97982,0.998896,1.01786,1.03672,1.05546,1.07408,1.09259,1.11097,1.12923,1.14737,1.16539,1.18327,1.20103,1.21865,1.23614,1.25349,1.2707,1.28778,1.30471,1.3215,1.33814,1.35464,1.37099,1.38718,1.40323,1.41912,1.43485,1.45042,1.46584,1.4811,1.49619,1.51111,1.52587,1.54047,1.55489,1.56914,1.58322,1.59713,1.61086,1.62441,1.63778,1.65098,1.66399,1.67682,1.68946,1.70192,1.71419,1.72628,1.73817,1.74987,1.76138,1.77269,1.78381,1.79474,1.80546,1.81599,1.82632,1.83645,1.84637,1.85609,1.86561,1.87492,1.88403,1.89293,1.90162,1.9101,1.91837,1.92643,1.93428,1.94191,1.94933,1.95654,1.96353,1.97031,1.97687,1.98321,1.98933,1.99524,2.00092,2.00639,2.01163,2.01665,2.02145,2.02603,2.03039,2.03452,2.03843,2.04211,2.04557,2.0488,2.05181,2.05459,2.05715,2.05948,2.06158,2.06346,2.06511,2.06653,2.06773,2.0687,2.06944,2.06995,2.07023,2.07029,2.07012,2.06972,2.0691,2.06824,2.06716,2.06585,2.06431,2.06255,2.06056,2.05834,2.0559,2.05323,2.05033,2.04721,2.04387,2.0403,2.0365,2.03248,2.02824,2.02377,2.01908,2.01417,2.00904,2.00368,1.99811,1.99231,1.9863,1.98007,1.97362,1.96695,1.96006,1.95296,1.94565,1.93812,1.93038,1.92243,1.91426,1.90588,1.8973,1.8885,1.8795,1.87029,1.86088,1.85126,1.84143,1.83141,1.82118,1.81075,1.80013,1.7893,1.77828,1.76706,1.75565,1.74404,1.73225,1.72026,1.70808,1.69572,1.68316,1.67043,1.65751,1.6444,1.63112,1.61766,1.60402,1.5902,1.57621,1.56204,1.5477,1.53319,1.51852,1.50367,1.48866,1.47349,1.45815,1.44266,1.427,1.41119,1.39522,1.3791,1.36283,1.34641,1.32984,1.31312,1.29626,1.27926,1.26211,1.24483,1.22741,1.20985,1.19216,1.17434,1.1564,1.13832,1.12012,1.10179,1.08335,1.06478,1.0461,1.0273,1.00839,0.989372,0.970242,0.951005,0.931663,0.912219,0.892675,0.873032,0.853293,0.833461,0.813537,0.793523,0.773422,0.753236,0.732966,0.712617,0.692189,0.671684,0.651106,0.630456,0.609737,0.588951,0.5681,0.547186,0.526212,0.505181,0.484093,0.462953,0.441761,0.420521,0.399235,0.377905,0.356533,0.335122,0.313674,0.292191,0.270677,0.249132,0.227561,0.205964,0.184344,0.162704,0.141047,0.119373,0.0976871,0.07599,0.0542846,0.0325731,0.0108581,-0.0108581,-0.0325731,-0.0542846,-0.07599,-0.0976871,-0.119373,-0.141047,-0.162704,-0.184344,-0.205964,-0.227561,-0.249132,-0.270677,-0.292191,-0.313674,-0.335122,-0.356533,-0.377905,-0.399235,-0.420521,-0.441761,-0.462953,-0.484093,-0.505181,-0.526212,-0.547186,-0.5681,-0.588951,-0.609737,-0.630456,-0.651106,-0.671684,-0.692189,-0.712617,-0.732966,-0.753236,-0.773422,-0.793523,-0.813537,-0.833461,-0.853293,-0.873032,-0.892675,-0.912219,-0.931663,-0.951005,-0.970242,-0.989372,-1.00839,-1.0273,-1.0461,-1.06478,-1.08335,-1.10179,-1.12012,-1.13832,-1.1564,-1.17434,-1.19216,-1.20985,-1.22741,-1.24483,-1.26211,-1.27926,-1.29626,-1.31312,-1.32984,-1.34641,-1.36283,-1.3791,-1.39522,-1.41119,-1.427,-1.44266,-1.45815,-1.47349,-1.48866,-1.50367,-1.51852,-1.53319,-1.5477,-1.56204,-1.57621,-1.5902,-1.60402,-1.61766,-1.63112,-1.6444,-1.65751,-1.67043,-1.68316,-1.69572,-1.70808,-1.72026,-1.73225,-1.74404,-1.75565,-1.76706,-1.77828,-1.7893,-1.80013,-1.81075,-1.82118,-1.83141,-1.84143,-1.85126,-1.86088,-1.87029,-1.8795,-1.8885,-1.8973,-1.90588,-1.91426,-1.92243,-1.93038,-1.93812,-1.94565,-1.95296,-1.96006,-1.96695,-1.97362,-1.98007,-1.9863,-1.99231,-1.99811,-2.00368,-2.00904,-2.01417,-2.01908,-2.02377,-2.02824,-2.03248,-2.0365,-2.0403,-2.04387,-2.04721,-2.05033,-2.05323,-2.0559,-2.05834,-2.06056,-2.06255,-2.06431,-2.06585,-2.06716,-2.06824,-2.0691,-2.06972,-2.07012,-2.07029,-2.07023,-2.06995,-2.06944,-2.0687,-2.06773,-2.06653,-2.06511,-2.06346,-2.06158,-2.05948,-2.05715,-2.05459,-2.05181,-2.0488,-2.04557,-2.04211,-2.03843,-2.03452,-2.03039,-2.02603,-2.02145,-2.01665,-2.01163,-2.00639,-2.00092,-1.99524,-1.98933,-1.98321,-1.97687,-1.97031,-1.96353,-1.95654,-1.94933,-1.94191,-1.93428,-1.92643,-1.91837,-1.9101,-1.90162,-1.89293,-1.88403,-1.87492,-1.86561,-1.85609,-1.84637,-1.83645,-1.82632,-1.81599,-1.80546,-1.79474,-1.78381,-1.77269,-1.76138,-1.74987,-1.73817,-1.72628,-1.71419,-1.70192,-1.68946,-1.67682,-1.66399,-1.65098,-1.63778,-1.62441,-1.61086,-1.59713,-1.58322,-1.56914,-1.55489,-1.54047,-1.52587,-1.51111,-1.49619,-1.4811,-1.46584,-1.45042,-1.43485,-1.41912,-1.40323,-1.38718,-1.37099,-1.35464,-1.33814,-1.3215,-1.30471,-1.28778,-1.2707,-1.25349,-1.23614,-1.21865,-1.20103,-1.18327,-1.16539,-1.14737,-1.12923,-1.11097,-1.09259,-1.07408,-1.05546,-1.03672,-1.01786,-0.998896,-0.97982,-0.960636,-0.941347,-0.921954,-0.902459,-0.882866,-0.863175,-0.843389,-0.82351,-0.803541,-0.783483,-0.763339,-0.743111,-0.722802,-0.702412,-0.681946,-0.661404,-0.64079,-0.620105,-0.599352,-0.578533,-0.557651,-0.536707,-0.515704,-0.494644,-0.47353,-0.452363,-0.431147,-0.409884,-0.388575,-0.367224,-0.345832,-0.324402,-0.302937,-0.281438,-0.259908,-0.23835,-0.216765,-0.195157,-0.173527,-0.151878,-0.130212,-0.108532,-0.0868398,-0.0651382,-0.0434294,-0.0217159,0
0,0.0130305,0.0260596,0.0390858,0.0521077,0.0651238,0.0781329,0.0911333,0.104124,0.117103,0.130069,0.14302,0.155956,0.168875,0.181775,0.194656,0.207514,0.22035,0.233162,0.245948,0.258707,0.271438,0.284139,0.296808,0.309445,0.322048,0.334615,0.347145,0.359638,0.37209,0.384502,0.396872,0.409198,0.421478,0.433713,0.445899,0.458037,0.470124,0.48216,0.494142,0.50607,0.517943,0.529758,0.541515,0.553213,0.56485,0.576424,0.587935,0.599382,0.610762,0.622075,0.63332,0.644495,0.6556,0.666632,0.67759,0.688475,0.699283,0.710015,0.720668,0.731242,0.741736,0.752148,0.762477,0.772722,0.782883,0.792957,0.802944,0.812842,0.822652,0.83237,0.841997,0.851532,0.860973,0.870319,0.879569,0.888722,0.897778,0.906735,0.915592,0.924348,0.933003,0.941555,0.950004,0.958348,0.966586,0.974718,0.982743,0.99066,0.998468,1.00617,1.01375,1.02123,1.02859,1.03584,1.04298,1.05,1.05691,1.06369,1.07037,1.07692,1.08336,1.08968,1.09587,1.10195,1.1079,1.11374,1.11945,1.12504,1.1305,1.13584,1.14105,1.14614,1.15111,1.15594,1.16065,1.16523,1.16969,1.17401,1.17821,1.18227,1.18621,1.19001,1.19369,1.19723,1.20064,1.20392,1.20707,1.21008,1.21296,1.21571,1.21832,1.2208,1.22315,1.22536,1.22743,1.22937,1.23118,1.23285,1.23438,1.23578,1.23704,1.23817,1.23916,1.24001,1.24073,1.24131,1.24175,1.24206,1.24223,1.24227,1.24216,1.24192,1.24155,1.24104,1.24039,1.2396,1.23868,1.23762,1.23643,1.2351,1.23363,1.23203,1.23029,1.22842,1.22641,1.22427,1.22199,1.21958,1.21703,1.21435,1.21154,1.20859,1.20551,1.2023,1.19895,1.19547,1.19187,1.18813,1.18426,1.18026,1.17612,1.17186,1.16748,1.16296,1.15831,1.15354,1.14864,1.14361,1.13846,1.13319,1.12778,1.12226,1.11661,1.11084,1.10494,1.09893,1.09279,1.08653,1.08015,1.07366,1.06705,1.06031,1.05347,1.0465,1.03942,1.03223,1.02492,1.0175,1.00997,1.00233,0.994577,0.986715,0.978744,0.970665,0.96248,0.954189,0.945792,0.937292,0.928689,0.919983,0.911176,0.902269,0.893262,0.884158,0.874956,0.865657,0.856264,0.846776,0.837195,0.827522,0.817758,0.807904,0.797961,0.787931,0.777813,0.76761,0.757323,0.746952,0.736499,0.725965,0.715351,0.704658,0.693888,0.683042,0.67212,0.661125,0.650056,0.638917,0.627706,0.616427,0.60508,0.593667,0.582188,0.570645,0.559039,0.547372,0.535644,0.523858,0.512014,0.500113,0.488158,0.476149,0.464087,0.451974,0.439812,0.427601,0.415344,0.40304,0.390692,0.378302,0.365869,0.353396,0.340885,0.328336,0.315751,0.303131,0.290477,0.277792,0.265076,0.252331,0.239559,0.226759,0.213935,0.201088,0.188218,0.175328,0.162418,0.14949,0.136546,0.123587,0.110615,0.0976298,0.0846342,0.0716293,0.0586166,0.0455974,0.0325731,0.0195453,0.00651534,-0.00651534,-0.0195453,-0.0325731,-0.0455974,-0.0586166,-0.0716293,-0.0846342,-0.0976298,-0.110615,-0.123587,-0.136546,-0.14949,-0.162418,-0.175328,-0.188218,-0.201088,-0.213935,-0.226759,-0.239559,-0.252331,-0.265076,-0.277792,-0.290477,-0.303131,-0.315751,-0.328336,-0.340885,-0.353396,-0.365869,-0.378302,-0.390692,-0.40304,-0.415344,-0.427601,-0.439812,-0.451974,-0.464087,-0.476149,-0.488158,-0.500113,-0.512014,-0.523858,-0.535644,-0.547372,-0.559039,-0.570645,-0.582188,-0.593667,-0.60508,-0.616427,-0.627706,-0.638917,-0.650056,-0.661125,-0.67212,-0.683042,-0.693888,-0.704658,-0.715351,-0.725965,-0.736499,-0.746952,-0.757323,-0.76761,-0.777813,-0.787931,-0.797961,-0.807904,-0.817758,-0.827522,-0.837195,-0.846776,-0.856264,-0.865657,-0.874956,-0.884158,-0.893262,-0.902269,-0.911176,-0.919983,-0.928689,-0.937292,-0.945792,-0.954189,-0.96248,-0.970665,-0.978744,-0.986715,-0.994577,-1.00233,-1.00997,-1.0175,-1.02492,-1.03223,-1.03942,-1.0465,-1.05347,-1.06031,-1.06705,-1.07366,-1.08015,-1.08653,-1.09279,-1.09893,-1.10494,-1.11084,-1.11661,-1.12226,-1.12778,-1.13319,-1.13846,-1.14361,-1.14864,-1.15354,-1.15831,-1.16296,-1.16748,-1.17186,-1.17612,-1.18026,-1.18426,-1.18813,-1.19187,-1.19547,-1.19895,-1.2023,-1.20551,-1.20859,-1.21154,-1.21435,-1.21703,-1.21958,-1.22199,-1.22427,-1.22641,-1.22842,-1.23029,-1.23203,-1.23363,-1.2351,-1.23643,-1.23762,-1.23868,-1.2396,-1.24039,-1.24104,-1.24155,-1.24192,-1.24216,-1.24227,-1.24223,-1.24206,-1.24175,-1.24131,-1.24073,-1.24001,-1.23916,-1.23817,-1.23704,-1.23578,-1.23438,-1.23285,-1.23118,-1.22937,-1.22743,-1.22536,-1.22315,-1.2208,-1.21832,-1.21571,-1.21296,-1.21008,-1.20707,-1.20392,-1.20064,-1.19723,-1.19369,-1.19001,-1.18621,-1.18227,-1.17821,-1.17401,-1.16969,-1.16523,-1.16065,-1.15594,-1.15111,-1.14614,-1.14105,-1.13584,-1.1305,-1.12504,-1.11945,-1.11374,-1.1079,-1.10195,-1.09587,-1.08968,-1.08336,-1.07692,-1.07037,-1.06369,-1.05691,-1.05,-1.04298,-1.03584,-1.02859,-1.02123,-1.01375,-1.00617,-0.998468,-0.99066,-0.982743,-0.974718,-0.966586,-0.958348,-0.950004,-0.941555,-0.933003,-0.924348,-0.915592,-0.906735,-0.897778,-0.888722,-0.879569,-0.870319,-0.860973,-0.851532,-0.841997,-0.83237,-0.822652,-0.812842,-0.802944,-0.792957,-0.782883,-0.772722,-0.762477,-0.752148,-0.741736,-0.731242,-0.720668,-0.710015,-0.699283,-0.688475,-0.67759,-0.666632,-0.6556,-0.644495,-0.63332,-0.622075,-0.610762,-0.599382,-0.587935,-0.576424,-0.56485,-0.553213,-0.541515,-0.529758,-0.517943,-0.50607,-0.494142,-0.48216,-0.470124,-0.458037,-0.445899,-0.433713,-0.421478,-0.409198,-0.396872,-0.384502,-0.37209,-0.359638,-0.347145,-0.334615,-0.322048,-0.309445,-0.296808,-0.284139,-0.271438,-0.258707,-0.245948,-0.233162,-0.22035,-0.207514,-0.194656,-0.181775,-0.168875,-0.155956,-0.14302,-0.130069,-0.117103,-0.104124,-0.0911333,-0.0781329,-0.0651238,-0.0521077,-0.0390858,-0.0260596,-0.0130305,0
0,0.00434366,0.00868684,0.0130291,0.0173699,0.0217087,0.0260452,0.0303789,0.0347092,0.0390356,0.0433578,0.0476752,0.0519873,0.0562938,0.060594,0.0648876,0.069174,0.0734529,0.0777236,0.0819858,0.086239,0.0904826,0.0947164,0.0989397,0.103152,0.107353,0.111542,0.115719,0.119884,0.124035,0.128172,0.132295,0.136404,0.140498,0.144576,0.148639,0.152685,0.156714,0.160726,0.16472,0.168696,0.172654,0.176593,0.180512,0.184411,0.18829,0.192148,0.195986,0.199801,0.203595,0.207366,0.211114,0.21484,0.218541,0.222219,0.225872,0.2295,0.233103,0.23668,0.240231,0.243756,0.247254,0.250725,0.254168,0.257584,0.26097,0.264329,0.267658,0.270957,0.274227,0.277467,0.280676,0.283854,0.287001,0.290117,0.2932,0.296252,0.29927,0.302256,0.305209,0.308127,0.311012,0.313863,0.316679,0.319461,0.322207,0.324918,0.327593,0.330232,0.332835,0.335401,0.33793,0.340422,0.342876,0.345293,0.347672,0.350013,0.352315,0.354578,0.356802,0.358987,0.361133,0.363238,0.365304,0.36733,0.369315,0.37126,0.373163,0.375026,0.376847,0.378627,0.380365,0.382062,0.383716,0.385328,0.386898,0.388425,0.38991,0.391351,0.39275,0.394105,0.395417,0.396685,0.39791,0.399091,0.400228,0.401321,0.40237,0.403375,0.404335,0.405251,0.406122,0.406948,0.40773,0.408467,0.409159,0.409806,0.410407,0.410964,0.411475,0.411942,0.412362,0.412738,0.413068,0.413352,0.413591,0.413785,0.413933,0.414036,0.414092,0.414104,0.41407,0.41399,0.413865,0.413694,0.413478,0.413216,0.412908,0.412556,0.412158,0.411714,0.411225,0.410691,0.410112,0.409488,0.408818,0.408104,0.407345,0.406541,0.405692,0.404798,0.40386,0.402878,0.401851,0.40078,0.399665,0.398506,0.397303,0.396057,0.394767,0.393433,0.392056,0.390636,0.389173,0.387667,0.386119,0.384528,0.382894,0.381219,0.379502,0.377742,0.375942,0.3741,0.372217,0.370292,0.368327,0.366322,0.364276,0.362191,0.360065,0.3579,0.355695,0.353451,0.351168,0.348847,0.346487,0.34409,0.341654,0.339181,0.33667,0.334122,0.331538,0.328917,0.32626,0.323567,0.320838,0.318075,0.315276,0.312442,0.309574,0.306672,0.303736,0.300767,0.297765,0.29473,0.291663,0.288563,0.285432,0.282269,0.279075,0.275851,0.272596,0.269311,0.265997,0.262653,0.259281,0.255879,0.25245,0.248993,0.245509,0.241997,0.238459,0.234895,0.231305,0.227689,0.224048,0.220383,0.216693,0.21298,0.209243,0.205483,0.201701,0.197896,0.19407,0.190222,0.186353,0.182464,0.178555,0.174626,0.170677,0.166711,0.162725,0.158722,0.154701,0.150664,0.146609,0.142539,0.138453,0.134352,0.130236,0.126105,0.121961,0.117803,0.113632,0.109449,0.105254,0.101047,0.0968293,0.0926008,0.088362,0.0841135,0.0798558,0.0755893,0.0713144,0.0670317,0.0627417,0.0584447,0.0541413,0.049832,0.0455171,0.0411973,0.0368729,0.0325445,0.0282124,0.0238773,0.0195396,0.0151997,0.0108581,0.00651534,0.00217186,-0.00217186,-0.00651534,-0.0108581,-0.0151997,-0.0195396,-0.0238773,-0.0282124,-0.0325445,-0.0368729,-0.0411973,-0.0455171,-0.049832,-0.0541413,-0.0584447,-0.0627417,-0.0670317,-0.0713144,-0.0755893,-0.0798558,-0.0841135,-0.088362,-0.0926008,-0.0968293,-0.101047,-0.105254,-0.109449,-0.113632,-0.117803,-0.121961,-0.126105,-0.130236,-0.134352,-0.138453,-0.142539,-0.146609,-0.150664,-0.154701,-0.158722,-0.162725,-0.166711,-0.170677,-0.174626,-0.178555,-0.182464,-0.186353,-0.190222,-0.19407,-0.197896,-0.201701,-0.205483,-0.209243,-0.21298,-0.216693,-0.220383,-0.224048,-0.227689,-0.231305,-0.234895,-0.238459,-0.241997,-0.245509,-0.248993,-0.25245,-0.255879,-0.259281,-0.262653,-0.265997,-0.269311,-0.272596,-0.275851,-0.279075,-0.282269,-0.285432,-0.288563,-0.291663,-0.29473,-0.297765,-0.300767,-0.303736,-0.306672,-0.309574,-0.312442,-0.315276,-0.318075,-0.320838,-0.323567,-0.32626,-0.328917,-0.331538,-0.334122,-0.33667,-0.339181,-0.341654,-0.34409,-0.346487,-0.348847,-0.351168,-0.353451,-0.355695,-0.3579,-0.360065,-0.362191,-0.364276,-0.366322,-0.368327,-0.370292,-0.372217,-0.3741,-0.375942,-0.377742,-0.379502,-0.381219,-0.382894,-0.384528,-0.386119,-0.387667,-0.389173,-0.390636,-0.392056,-0.393433,-0.394767,-0.396057,-0.397303,-0.398506,-0.399665,-0.40078,-0.401851,-0.402878,-0.40386,-0.404798,-0.405692,-0.406541,-0.407345,-0.408104,-0.408818,-0.409488,-0.410112,-0.410691,-0.411225,-0.411714,-0.412158,-0.412556,-0.412908,-0.413216,-0.413478,-0.413694,-0.413865,-0.41399,-0.41407,-0.414104,-0.414092,-0.414036,-0.413933,-0.413785,-0.413591,-0.413352,-0.413068,-0.412738,-0.412362,-0.411942,-0.411475,-0.410964,-0.410407,-0.409806,-0.409159,-0.408467,-0.40773,-0.406948,-0.406122,-0.405251,-0.404335,-0.403375,-0.40237,-0.401321,-0.400228,-0.399091,-0.39791,-0.396685,-0.395417,-0.394105,-0.39275,-0.391351,-0.38991,-0.388425,-0.386898,-0.385328,-0.383716,-0.382062,-0.380365,-0.378627,-0.376847,-0.375026,-0.373163,-0.37126,-0.369315,-0.36733,-0.365304,-0.363238,-0.361133,-0.358987,-0.356802,-0.354578,-0.352315,-0.350013,-0.347672,-0.345293,-0.342876,-0.340422,-0.33793,-0.335401,-0.332835,-0.330232,-0.327593,-0.324918,-0.322207,-0.319461,-0.316679,-0.313863,-0.311012,-0.308127,-0.305209,-0.302256,-0.29927,-0.296252,-0.2932,-0.290117,-0.287001,-0.283854,-0.280676,-0.277467,-0.274227,-0.270957,-0.267658,-0.264329,-0.26097,-0.257584,-0.254168,-0.250725,-0.247254,-0.243756,-0.240231,-0.23668,-0.233103,-0.2295,-0.225872,-0.222219,-0.218541,-0.21484,-0.211114,-0.207366,-0.203595,-0.199801,-0.195986,-0.192148,-0.18829,-0.184411,-0.180512,-0.176593,-0.172654,-0.168696,-0.16472,-0.160726,-0.156714,-0.152685,-0.148639,-0.144576,-0.140498,-0.136404,-0.132295,-0.128172,-0.124035,-0.119884,-0.115719,-0.111542,-0.107353,-0.103152,-0.0989397,-0.0947164,-0.0904826,-0.086239,-0.0819858,-0.0777236,-0.0734529,-0.069174,-0.0648876,-0.060594,-0.0562938,-0.0519873,-0.0476752,-0.0433578,-0.0390356,-0.0347092,-0.0303789,-0.0260452,-0.0217087,-0.0173699,-0.0130291,-0.00868684,-0.00434366,0
